-1	-1.037769312	0
-1	-1.037769312	0.01
-1	-1.037769312	0.02
-1	-1.037769312	0.03
-1	-1.037769312	0.04
-1	-1.037769312	0.05
-1	-1.037769312	0.06
-1	-1.037769312	0.07
-1	-1.037769312	0.08
-1	-1.037769312	0.09
-1	-1.037769312	0.1
-1	-0.9961026453	0
-1	-0.9961026453	0.01
-1	-0.9961026453	0.02
-1	-0.9961026453	0.03
-1	-0.9961026453	0.04
-1	-0.9961026453	0.05
-1	-0.9961026453	0.06
-1	-0.9961026453	0.07
-1	-0.9961026453	0.08
-1	-0.9961026453	0.09
-1	-0.9961026453	0.1
-1	-0.9544359786	0
-1	-0.9544359786	0.01
-1	-0.9544359786	0.02
-1	-0.9544359786	0.03
-1	-0.9544359786	0.04
-1	-0.9544359786	0.05
-1	-0.9544359786	0.06
-1	-0.9544359786	0.07
-1	-0.9544359786	0.08
-1	-0.9544359786	0.09
-1	-0.9544359786	0.1
-1	-0.9127693119	0
-1	-0.9127693119	0.01
-1	-0.9127693119	0.02
-1	-0.9127693119	0.03
-1	-0.9127693119	0.04
-1	-0.9127693119	0.05
-1	-0.9127693119	0.06
-1	-0.9127693119	0.07
-1	-0.9127693119	0.08
-1	-0.9127693119	0.09
-1	-0.9127693119	0.1
-1	-0.8711026453	0
-1	-0.8711026453	0.01
-1	-0.8711026453	0.02
-1	-0.8711026453	0.03
-1	-0.8711026453	0.04
-1	-0.8711026453	0.05
-1	-0.8711026453	0.06
-1	-0.8711026453	0.07
-1	-0.8711026453	0.08
-1	-0.8711026453	0.09
-1	-0.8711026453	0.1
-1	-0.8294359786	0
-1	-0.8294359786	0.01
-1	-0.8294359786	0.02
-1	-0.8294359786	0.03
-1	-0.8294359786	0.04
-1	-0.8294359786	0.05
-1	-0.8294359786	0.06
-1	-0.8294359786	0.07
-1	-0.8294359786	0.08
-1	-0.8294359786	0.09
-1	-0.8294359786	0.1
-1	-0.7877693119	0
-1	-0.7877693119	0.01
-1	-0.7877693119	0.02
-1	-0.7877693119	0.03
-1	-0.7877693119	0.04
-1	-0.7877693119	0.05
-1	-0.7877693119	0.06
-1	-0.7877693119	0.07
-1	-0.7877693119	0.08
-1	-0.7877693119	0.09
-1	-0.7877693119	0.1
-1	-0.7461026453	0
-1	-0.7461026453	0.01
-1	-0.7461026453	0.02
-1	-0.7461026453	0.03
-1	-0.7461026453	0.04
-1	-0.7461026453	0.05
-1	-0.7461026453	0.06
-1	-0.7461026453	0.07
-1	-0.7461026453	0.08
-1	-0.7461026453	0.09
-1	-0.7461026453	0.1
-1	-0.7044359786	0
-1	-0.7044359786	0.01
-1	-0.7044359786	0.02
-1	-0.7044359786	0.03
-1	-0.7044359786	0.04
-1	-0.7044359786	0.05
-1	-0.7044359786	0.06
-1	-0.7044359786	0.07
-1	-0.7044359786	0.08
-1	-0.7044359786	0.09
-1	-0.7044359786	0.1
-1	-0.6627693119	0
-1	-0.6627693119	0.01
-1	-0.6627693119	0.02
-1	-0.6627693119	0.03
-1	-0.6627693119	0.04
-1	-0.6627693119	0.05
-1	-0.6627693119	0.06
-1	-0.6627693119	0.07
-1	-0.6627693119	0.08
-1	-0.6627693119	0.09
-1	-0.6627693119	0.1
-1	-0.6211026453	0
-1	-0.6211026453	0.01
-1	-0.6211026453	0.02
-1	-0.6211026453	0.03
-1	-0.6211026453	0.04
-1	-0.6211026453	0.05
-1	-0.6211026453	0.06
-1	-0.6211026453	0.07
-1	-0.6211026453	0.08
-1	-0.6211026453	0.09
-1	-0.6211026453	0.1
-1	-0.5794359786	0
-1	-0.5794359786	0.01
-1	-0.5794359786	0.02
-1	-0.5794359786	0.03
-1	-0.5794359786	0.04
-1	-0.5794359786	0.05
-1	-0.5794359786	0.06
-1	-0.5794359786	0.07
-1	-0.5794359786	0.08
-1	-0.5794359786	0.09
-1	-0.5794359786	0.1
-1	-0.5377693119	0
-1	-0.5377693119	0.01
-1	-0.5377693119	0.02
-1	-0.5377693119	0.03
-1	-0.5377693119	0.04
-1	-0.5377693119	0.05
-1	-0.5377693119	0.06
-1	-0.5377693119	0.07
-1	-0.5377693119	0.08
-1	-0.5377693119	0.09
-1	-0.5377693119	0.1
-1	-0.4961026453	0
-1	-0.4961026453	0.01
-1	-0.4961026453	0.02
-1	-0.4961026453	0.03
-1	-0.4961026453	0.04
-1	-0.4961026453	0.05
-1	-0.4961026453	0.06
-1	-0.4961026453	0.07
-1	-0.4961026453	0.08
-1	-0.4961026453	0.09
-1	-0.4961026453	0.1
-1	-0.4544359786	0
-1	-0.4544359786	0.01
-1	-0.4544359786	0.02
-1	-0.4544359786	0.03
-1	-0.4544359786	0.04
-1	-0.4544359786	0.05
-1	-0.4544359786	0.06
-1	-0.4544359786	0.07
-1	-0.4544359786	0.08
-1	-0.4544359786	0.09
-1	-0.4544359786	0.1
-1	-0.4127693119	0
-1	-0.4127693119	0.01
-1	-0.4127693119	0.02
-1	-0.4127693119	0.03
-1	-0.4127693119	0.04
-1	-0.4127693119	0.05
-1	-0.4127693119	0.06
-1	-0.4127693119	0.07
-1	-0.4127693119	0.08
-1	-0.4127693119	0.09
-1	-0.4127693119	0.1
-1	-0.3711026453	0
-1	-0.3711026453	0.01
-1	-0.3711026453	0.02
-1	-0.3711026453	0.03
-1	-0.3711026453	0.04
-1	-0.3711026453	0.05
-1	-0.3711026453	0.06
-1	-0.3711026453	0.07
-1	-0.3711026453	0.08
-1	-0.3711026453	0.09
-1	-0.3711026453	0.1
-1	-0.3294359786	0
-1	-0.3294359786	0.01
-1	-0.3294359786	0.02
-1	-0.3294359786	0.03
-1	-0.3294359786	0.04
-1	-0.3294359786	0.05
-1	-0.3294359786	0.06
-1	-0.3294359786	0.07
-1	-0.3294359786	0.08
-1	-0.3294359786	0.09
-1	-0.3294359786	0.1
-1	-0.2877693119	0
-1	-0.2877693119	0.01
-1	-0.2877693119	0.02
-1	-0.2877693119	0.03
-1	-0.2877693119	0.04
-1	-0.2877693119	0.05
-1	-0.2877693119	0.06
-1	-0.2877693119	0.07
-1	-0.2877693119	0.08
-1	-0.2877693119	0.09
-1	-0.2877693119	0.1
-1	-0.2461026453	0
-1	-0.2461026453	0.01
-1	-0.2461026453	0.02
-1	-0.2461026453	0.03
-1	-0.2461026453	0.04
-1	-0.2461026453	0.05
-1	-0.2461026453	0.06
-1	-0.2461026453	0.07
-1	-0.2461026453	0.08
-1	-0.2461026453	0.09
-1	-0.2461026453	0.1
-1	-0.2044359786	0
-1	-0.2044359786	0.01
-1	-0.2044359786	0.02
-1	-0.2044359786	0.03
-1	-0.2044359786	0.04
-1	-0.2044359786	0.05
-1	-0.2044359786	0.06
-1	-0.2044359786	0.07
-1	-0.2044359786	0.08
-1	-0.2044359786	0.09
-1	-0.2044359786	0.1
-1	-0.1627693119	0
-1	-0.1627693119	0.01
-1	-0.1627693119	0.02
-1	-0.1627693119	0.03
-1	-0.1627693119	0.04
-1	-0.1627693119	0.05
-1	-0.1627693119	0.06
-1	-0.1627693119	0.07
-1	-0.1627693119	0.08
-1	-0.1627693119	0.09
-1	-0.1627693119	0.1
-1	-0.1211026453	0
-1	-0.1211026453	0.01
-1	-0.1211026453	0.02
-1	-0.1211026453	0.03
-1	-0.1211026453	0.04
-1	-0.1211026453	0.05
-1	-0.1211026453	0.06
-1	-0.1211026453	0.07
-1	-0.1211026453	0.08
-1	-0.1211026453	0.09
-1	-0.1211026453	0.1
-1	-0.0794359786	0
-1	-0.0794359786	0.01
-1	-0.0794359786	0.02
-1	-0.0794359786	0.03
-1	-0.0794359786	0.04
-1	-0.0794359786	0.05
-1	-0.0794359786	0.06
-1	-0.0794359786	0.07
-1	-0.0794359786	0.08
-1	-0.0794359786	0.09
-1	-0.0794359786	0.1
-1	-0.03776931194	0
-1	-0.03776931194	0.01
-1	-0.03776931194	0.02
-1	-0.03776931194	0.03
-1	-0.03776931194	0.04
-1	-0.03776931194	0.05
-1	-0.03776931194	0.06
-1	-0.03776931194	0.07
-1	-0.03776931194	0.08
-1	-0.03776931194	0.09
-1	-0.03776931194	0.1
-0.928870609	-0.9995181083	0
-0.928870609	-0.9995181083	0.01
-0.928870609	-0.9995181083	0.02
-0.928870609	-0.9995181083	0.03
-0.928870609	-0.9995181083	0.04
-0.928870609	-0.9995181083	0.05
-0.928870609	-0.9995181083	0.06
-0.928870609	-0.9995181083	0.07
-0.928870609	-0.9995181083	0.08
-0.928870609	-0.9995181083	0.09
-0.928870609	-0.9995181083	0.1
-0.928870609	-0.9578514416	0
-0.928870609	-0.9578514416	0.01
-0.928870609	-0.9578514416	0.02
-0.928870609	-0.9578514416	0.03
-0.928870609	-0.9578514416	0.04
-0.928870609	-0.9578514416	0.05
-0.928870609	-0.9578514416	0.06
-0.928870609	-0.9578514416	0.07
-0.928870609	-0.9578514416	0.08
-0.928870609	-0.9578514416	0.09
-0.928870609	-0.9578514416	0.1
-0.928870609	-0.916184775	0
-0.928870609	-0.916184775	0.01
-0.928870609	-0.916184775	0.02
-0.928870609	-0.916184775	0.03
-0.928870609	-0.916184775	0.04
-0.928870609	-0.916184775	0.05
-0.928870609	-0.916184775	0.06
-0.928870609	-0.916184775	0.07
-0.928870609	-0.916184775	0.08
-0.928870609	-0.916184775	0.09
-0.928870609	-0.916184775	0.1
-0.928870609	-0.8745181083	0
-0.928870609	-0.8745181083	0.01
-0.928870609	-0.8745181083	0.02
-0.928870609	-0.8745181083	0.03
-0.928870609	-0.8745181083	0.04
-0.928870609	-0.8745181083	0.05
-0.928870609	-0.8745181083	0.06
-0.928870609	-0.8745181083	0.07
-0.928870609	-0.8745181083	0.08
-0.928870609	-0.8745181083	0.09
-0.928870609	-0.8745181083	0.1
-0.928870609	-0.8328514416	0
-0.928870609	-0.8328514416	0.01
-0.928870609	-0.8328514416	0.02
-0.928870609	-0.8328514416	0.03
-0.928870609	-0.8328514416	0.04
-0.928870609	-0.8328514416	0.05
-0.928870609	-0.8328514416	0.06
-0.928870609	-0.8328514416	0.07
-0.928870609	-0.8328514416	0.08
-0.928870609	-0.8328514416	0.09
-0.928870609	-0.8328514416	0.1
-0.928870609	-0.791184775	0
-0.928870609	-0.791184775	0.01
-0.928870609	-0.791184775	0.02
-0.928870609	-0.791184775	0.03
-0.928870609	-0.791184775	0.04
-0.928870609	-0.791184775	0.05
-0.928870609	-0.791184775	0.06
-0.928870609	-0.791184775	0.07
-0.928870609	-0.791184775	0.08
-0.928870609	-0.791184775	0.09
-0.928870609	-0.791184775	0.1
-0.928870609	-0.7495181083	0
-0.928870609	-0.7495181083	0.01
-0.928870609	-0.7495181083	0.02
-0.928870609	-0.7495181083	0.03
-0.928870609	-0.7495181083	0.04
-0.928870609	-0.7495181083	0.05
-0.928870609	-0.7495181083	0.06
-0.928870609	-0.7495181083	0.07
-0.928870609	-0.7495181083	0.08
-0.928870609	-0.7495181083	0.09
-0.928870609	-0.7495181083	0.1
-0.928870609	-0.7078514416	0
-0.928870609	-0.7078514416	0.01
-0.928870609	-0.7078514416	0.02
-0.928870609	-0.7078514416	0.03
-0.928870609	-0.7078514416	0.04
-0.928870609	-0.7078514416	0.05
-0.928870609	-0.7078514416	0.06
-0.928870609	-0.7078514416	0.07
-0.928870609	-0.7078514416	0.08
-0.928870609	-0.7078514416	0.09
-0.928870609	-0.7078514416	0.1
-0.928870609	-0.666184775	0
-0.928870609	-0.666184775	0.01
-0.928870609	-0.666184775	0.02
-0.928870609	-0.666184775	0.03
-0.928870609	-0.666184775	0.04
-0.928870609	-0.666184775	0.05
-0.928870609	-0.666184775	0.06
-0.928870609	-0.666184775	0.07
-0.928870609	-0.666184775	0.08
-0.928870609	-0.666184775	0.09
-0.928870609	-0.666184775	0.1
-0.928870609	-0.6245181083	0
-0.928870609	-0.6245181083	0.01
-0.928870609	-0.6245181083	0.02
-0.928870609	-0.6245181083	0.03
-0.928870609	-0.6245181083	0.04
-0.928870609	-0.6245181083	0.05
-0.928870609	-0.6245181083	0.06
-0.928870609	-0.6245181083	0.07
-0.928870609	-0.6245181083	0.08
-0.928870609	-0.6245181083	0.09
-0.928870609	-0.6245181083	0.1
-0.928870609	-0.5828514416	0
-0.928870609	-0.5828514416	0.01
-0.928870609	-0.5828514416	0.02
-0.928870609	-0.5828514416	0.03
-0.928870609	-0.5828514416	0.04
-0.928870609	-0.5828514416	0.05
-0.928870609	-0.5828514416	0.06
-0.928870609	-0.5828514416	0.07
-0.928870609	-0.5828514416	0.08
-0.928870609	-0.5828514416	0.09
-0.928870609	-0.5828514416	0.1
-0.928870609	-0.541184775	0
-0.928870609	-0.541184775	0.01
-0.928870609	-0.541184775	0.02
-0.928870609	-0.541184775	0.03
-0.928870609	-0.541184775	0.04
-0.928870609	-0.541184775	0.05
-0.928870609	-0.541184775	0.06
-0.928870609	-0.541184775	0.07
-0.928870609	-0.541184775	0.08
-0.928870609	-0.541184775	0.09
-0.928870609	-0.541184775	0.1
-0.928870609	-0.4995181083	0
-0.928870609	-0.4995181083	0.01
-0.928870609	-0.4995181083	0.02
-0.928870609	-0.4995181083	0.03
-0.928870609	-0.4995181083	0.04
-0.928870609	-0.4995181083	0.05
-0.928870609	-0.4995181083	0.06
-0.928870609	-0.4995181083	0.07
-0.928870609	-0.4995181083	0.08
-0.928870609	-0.4995181083	0.09
-0.928870609	-0.4995181083	0.1
-0.928870609	-0.4578514416	0
-0.928870609	-0.4578514416	0.01
-0.928870609	-0.4578514416	0.02
-0.928870609	-0.4578514416	0.03
-0.928870609	-0.4578514416	0.04
-0.928870609	-0.4578514416	0.05
-0.928870609	-0.4578514416	0.06
-0.928870609	-0.4578514416	0.07
-0.928870609	-0.4578514416	0.08
-0.928870609	-0.4578514416	0.09
-0.928870609	-0.4578514416	0.1
-0.928870609	-0.416184775	0
-0.928870609	-0.416184775	0.01
-0.928870609	-0.416184775	0.02
-0.928870609	-0.416184775	0.03
-0.928870609	-0.416184775	0.04
-0.928870609	-0.416184775	0.05
-0.928870609	-0.416184775	0.06
-0.928870609	-0.416184775	0.07
-0.928870609	-0.416184775	0.08
-0.928870609	-0.416184775	0.09
-0.928870609	-0.416184775	0.1
-0.928870609	-0.3745181083	0
-0.928870609	-0.3745181083	0.01
-0.928870609	-0.3745181083	0.02
-0.928870609	-0.3745181083	0.03
-0.928870609	-0.3745181083	0.04
-0.928870609	-0.3745181083	0.05
-0.928870609	-0.3745181083	0.06
-0.928870609	-0.3745181083	0.07
-0.928870609	-0.3745181083	0.08
-0.928870609	-0.3745181083	0.09
-0.928870609	-0.3745181083	0.1
-0.928870609	-0.3328514416	0
-0.928870609	-0.3328514416	0.01
-0.928870609	-0.3328514416	0.02
-0.928870609	-0.3328514416	0.03
-0.928870609	-0.3328514416	0.04
-0.928870609	-0.3328514416	0.05
-0.928870609	-0.3328514416	0.06
-0.928870609	-0.3328514416	0.07
-0.928870609	-0.3328514416	0.08
-0.928870609	-0.3328514416	0.09
-0.928870609	-0.3328514416	0.1
-0.928870609	-0.291184775	0
-0.928870609	-0.291184775	0.01
-0.928870609	-0.291184775	0.02
-0.928870609	-0.291184775	0.03
-0.928870609	-0.291184775	0.04
-0.928870609	-0.291184775	0.05
-0.928870609	-0.291184775	0.06
-0.928870609	-0.291184775	0.07
-0.928870609	-0.291184775	0.08
-0.928870609	-0.291184775	0.09
-0.928870609	-0.291184775	0.1
-0.928870609	-0.2495181083	0
-0.928870609	-0.2495181083	0.01
-0.928870609	-0.2495181083	0.02
-0.928870609	-0.2495181083	0.03
-0.928870609	-0.2495181083	0.04
-0.928870609	-0.2495181083	0.05
-0.928870609	-0.2495181083	0.06
-0.928870609	-0.2495181083	0.07
-0.928870609	-0.2495181083	0.08
-0.928870609	-0.2495181083	0.09
-0.928870609	-0.2495181083	0.1
-0.928870609	-0.2078514416	0
-0.928870609	-0.2078514416	0.01
-0.928870609	-0.2078514416	0.02
-0.928870609	-0.2078514416	0.03
-0.928870609	-0.2078514416	0.04
-0.928870609	-0.2078514416	0.05
-0.928870609	-0.2078514416	0.06
-0.928870609	-0.2078514416	0.07
-0.928870609	-0.2078514416	0.08
-0.928870609	-0.2078514416	0.09
-0.928870609	-0.2078514416	0.1
-0.928870609	-0.166184775	0
-0.928870609	-0.166184775	0.01
-0.928870609	-0.166184775	0.02
-0.928870609	-0.166184775	0.03
-0.928870609	-0.166184775	0.04
-0.928870609	-0.166184775	0.05
-0.928870609	-0.166184775	0.06
-0.928870609	-0.166184775	0.07
-0.928870609	-0.166184775	0.08
-0.928870609	-0.166184775	0.09
-0.928870609	-0.166184775	0.1
-0.928870609	-0.1245181083	0
-0.928870609	-0.1245181083	0.01
-0.928870609	-0.1245181083	0.02
-0.928870609	-0.1245181083	0.03
-0.928870609	-0.1245181083	0.04
-0.928870609	-0.1245181083	0.05
-0.928870609	-0.1245181083	0.06
-0.928870609	-0.1245181083	0.07
-0.928870609	-0.1245181083	0.08
-0.928870609	-0.1245181083	0.09
-0.928870609	-0.1245181083	0.1
-0.928870609	-0.08285144164	0
-0.928870609	-0.08285144164	0.01
-0.928870609	-0.08285144164	0.02
-0.928870609	-0.08285144164	0.03
-0.928870609	-0.08285144164	0.04
-0.928870609	-0.08285144164	0.05
-0.928870609	-0.08285144164	0.06
-0.928870609	-0.08285144164	0.07
-0.928870609	-0.08285144164	0.08
-0.928870609	-0.08285144164	0.09
-0.928870609	-0.08285144164	0.1
-0.928870609	-0.04118477497	0
-0.928870609	-0.04118477497	0.01
-0.928870609	-0.04118477497	0.02
-0.928870609	-0.04118477497	0.03
-0.928870609	-0.04118477497	0.04
-0.928870609	-0.04118477497	0.05
-0.928870609	-0.04118477497	0.06
-0.928870609	-0.04118477497	0.07
-0.928870609	-0.04118477497	0.08
-0.928870609	-0.04118477497	0.09
-0.928870609	-0.04118477497	0.1
-0.928870609	0.000481891697	0
-0.928870609	0.000481891697	0.01
-0.928870609	0.000481891697	0.02
-0.928870609	0.000481891697	0.03
-0.928870609	0.000481891697	0.04
-0.928870609	0.000481891697	0.05
-0.928870609	0.000481891697	0.06
-0.928870609	0.000481891697	0.07
-0.928870609	0.000481891697	0.08
-0.928870609	0.000481891697	0.09
-0.928870609	0.000481891697	0.1
-0.8604769639	-0.9627381048	0
-0.8604769639	-0.9627381048	0.01
-0.8604769639	-0.9627381048	0.02
-0.8604769639	-0.9627381048	0.03
-0.8604769639	-0.9627381048	0.04
-0.8604769639	-0.9627381048	0.05
-0.8604769639	-0.9627381048	0.06
-0.8604769639	-0.9627381048	0.07
-0.8604769639	-0.9627381048	0.08
-0.8604769639	-0.9627381048	0.09
-0.8604769639	-0.9627381048	0.1
-0.8604769639	-0.9210714381	0
-0.8604769639	-0.9210714381	0.01
-0.8604769639	-0.9210714381	0.02
-0.8604769639	-0.9210714381	0.03
-0.8604769639	-0.9210714381	0.04
-0.8604769639	-0.9210714381	0.05
-0.8604769639	-0.9210714381	0.06
-0.8604769639	-0.9210714381	0.07
-0.8604769639	-0.9210714381	0.08
-0.8604769639	-0.9210714381	0.09
-0.8604769639	-0.9210714381	0.1
-0.8604769639	-0.8794047715	0
-0.8604769639	-0.8794047715	0.01
-0.8604769639	-0.8794047715	0.02
-0.8604769639	-0.8794047715	0.03
-0.8604769639	-0.8794047715	0.04
-0.8604769639	-0.8794047715	0.05
-0.8604769639	-0.8794047715	0.06
-0.8604769639	-0.8794047715	0.07
-0.8604769639	-0.8794047715	0.08
-0.8604769639	-0.8794047715	0.09
-0.8604769639	-0.8794047715	0.1
-0.8604769639	-0.8377381048	0
-0.8604769639	-0.8377381048	0.01
-0.8604769639	-0.8377381048	0.02
-0.8604769639	-0.8377381048	0.03
-0.8604769639	-0.8377381048	0.04
-0.8604769639	-0.8377381048	0.05
-0.8604769639	-0.8377381048	0.06
-0.8604769639	-0.8377381048	0.07
-0.8604769639	-0.8377381048	0.08
-0.8604769639	-0.8377381048	0.09
-0.8604769639	-0.8377381048	0.1
-0.8604769639	-0.7960714381	0
-0.8604769639	-0.7960714381	0.01
-0.8604769639	-0.7960714381	0.02
-0.8604769639	-0.7960714381	0.03
-0.8604769639	-0.7960714381	0.04
-0.8604769639	-0.7960714381	0.05
-0.8604769639	-0.7960714381	0.06
-0.8604769639	-0.7960714381	0.07
-0.8604769639	-0.7960714381	0.08
-0.8604769639	-0.7960714381	0.09
-0.8604769639	-0.7960714381	0.1
-0.8604769639	-0.7544047715	0
-0.8604769639	-0.7544047715	0.01
-0.8604769639	-0.7544047715	0.02
-0.8604769639	-0.7544047715	0.03
-0.8604769639	-0.7544047715	0.04
-0.8604769639	-0.7544047715	0.05
-0.8604769639	-0.7544047715	0.06
-0.8604769639	-0.7544047715	0.07
-0.8604769639	-0.7544047715	0.08
-0.8604769639	-0.7544047715	0.09
-0.8604769639	-0.7544047715	0.1
-0.8604769639	-0.7127381048	0
-0.8604769639	-0.7127381048	0.01
-0.8604769639	-0.7127381048	0.02
-0.8604769639	-0.7127381048	0.03
-0.8604769639	-0.7127381048	0.04
-0.8604769639	-0.7127381048	0.05
-0.8604769639	-0.7127381048	0.06
-0.8604769639	-0.7127381048	0.07
-0.8604769639	-0.7127381048	0.08
-0.8604769639	-0.7127381048	0.09
-0.8604769639	-0.7127381048	0.1
-0.8604769639	-0.6710714381	0
-0.8604769639	-0.6710714381	0.01
-0.8604769639	-0.6710714381	0.02
-0.8604769639	-0.6710714381	0.03
-0.8604769639	-0.6710714381	0.04
-0.8604769639	-0.6710714381	0.05
-0.8604769639	-0.6710714381	0.06
-0.8604769639	-0.6710714381	0.07
-0.8604769639	-0.6710714381	0.08
-0.8604769639	-0.6710714381	0.09
-0.8604769639	-0.6710714381	0.1
-0.8604769639	-0.6294047715	0
-0.8604769639	-0.6294047715	0.01
-0.8604769639	-0.6294047715	0.02
-0.8604769639	-0.6294047715	0.03
-0.8604769639	-0.6294047715	0.04
-0.8604769639	-0.6294047715	0.05
-0.8604769639	-0.6294047715	0.06
-0.8604769639	-0.6294047715	0.07
-0.8604769639	-0.6294047715	0.08
-0.8604769639	-0.6294047715	0.09
-0.8604769639	-0.6294047715	0.1
-0.8604769639	-0.5877381048	0
-0.8604769639	-0.5877381048	0.01
-0.8604769639	-0.5877381048	0.02
-0.8604769639	-0.5877381048	0.03
-0.8604769639	-0.5877381048	0.04
-0.8604769639	-0.5877381048	0.05
-0.8604769639	-0.5877381048	0.06
-0.8604769639	-0.5877381048	0.07
-0.8604769639	-0.5877381048	0.08
-0.8604769639	-0.5877381048	0.09
-0.8604769639	-0.5877381048	0.1
-0.8604769639	-0.5460714381	0
-0.8604769639	-0.5460714381	0.01
-0.8604769639	-0.5460714381	0.02
-0.8604769639	-0.5460714381	0.03
-0.8604769639	-0.5460714381	0.04
-0.8604769639	-0.5460714381	0.05
-0.8604769639	-0.5460714381	0.06
-0.8604769639	-0.5460714381	0.07
-0.8604769639	-0.5460714381	0.08
-0.8604769639	-0.5460714381	0.09
-0.8604769639	-0.5460714381	0.1
-0.8604769639	-0.5044047715	0
-0.8604769639	-0.5044047715	0.01
-0.8604769639	-0.5044047715	0.02
-0.8604769639	-0.5044047715	0.03
-0.8604769639	-0.5044047715	0.04
-0.8604769639	-0.5044047715	0.05
-0.8604769639	-0.5044047715	0.06
-0.8604769639	-0.5044047715	0.07
-0.8604769639	-0.5044047715	0.08
-0.8604769639	-0.5044047715	0.09
-0.8604769639	-0.5044047715	0.1
-0.8604769639	-0.4627381048	0
-0.8604769639	-0.4627381048	0.01
-0.8604769639	-0.4627381048	0.02
-0.8604769639	-0.4627381048	0.03
-0.8604769639	-0.4627381048	0.04
-0.8604769639	-0.4627381048	0.05
-0.8604769639	-0.4627381048	0.06
-0.8604769639	-0.4627381048	0.07
-0.8604769639	-0.4627381048	0.08
-0.8604769639	-0.4627381048	0.09
-0.8604769639	-0.4627381048	0.1
-0.8604769639	-0.4210714381	0
-0.8604769639	-0.4210714381	0.01
-0.8604769639	-0.4210714381	0.02
-0.8604769639	-0.4210714381	0.03
-0.8604769639	-0.4210714381	0.04
-0.8604769639	-0.4210714381	0.05
-0.8604769639	-0.4210714381	0.06
-0.8604769639	-0.4210714381	0.07
-0.8604769639	-0.4210714381	0.08
-0.8604769639	-0.4210714381	0.09
-0.8604769639	-0.4210714381	0.1
-0.8604769639	-0.3794047715	0
-0.8604769639	-0.3794047715	0.01
-0.8604769639	-0.3794047715	0.02
-0.8604769639	-0.3794047715	0.03
-0.8604769639	-0.3794047715	0.04
-0.8604769639	-0.3794047715	0.05
-0.8604769639	-0.3794047715	0.06
-0.8604769639	-0.3794047715	0.07
-0.8604769639	-0.3794047715	0.08
-0.8604769639	-0.3794047715	0.09
-0.8604769639	-0.3794047715	0.1
-0.8604769639	-0.3377381048	0
-0.8604769639	-0.3377381048	0.01
-0.8604769639	-0.3377381048	0.02
-0.8604769639	-0.3377381048	0.03
-0.8604769639	-0.3377381048	0.04
-0.8604769639	-0.3377381048	0.05
-0.8604769639	-0.3377381048	0.06
-0.8604769639	-0.3377381048	0.07
-0.8604769639	-0.3377381048	0.08
-0.8604769639	-0.3377381048	0.09
-0.8604769639	-0.3377381048	0.1
-0.8604769639	-0.2960714381	0
-0.8604769639	-0.2960714381	0.01
-0.8604769639	-0.2960714381	0.02
-0.8604769639	-0.2960714381	0.03
-0.8604769639	-0.2960714381	0.04
-0.8604769639	-0.2960714381	0.05
-0.8604769639	-0.2960714381	0.06
-0.8604769639	-0.2960714381	0.07
-0.8604769639	-0.2960714381	0.08
-0.8604769639	-0.2960714381	0.09
-0.8604769639	-0.2960714381	0.1
-0.8604769639	-0.2544047715	0
-0.8604769639	-0.2544047715	0.01
-0.8604769639	-0.2544047715	0.02
-0.8604769639	-0.2544047715	0.03
-0.8604769639	-0.2544047715	0.04
-0.8604769639	-0.2544047715	0.05
-0.8604769639	-0.2544047715	0.06
-0.8604769639	-0.2544047715	0.07
-0.8604769639	-0.2544047715	0.08
-0.8604769639	-0.2544047715	0.09
-0.8604769639	-0.2544047715	0.1
-0.8604769639	-0.2127381048	0
-0.8604769639	-0.2127381048	0.01
-0.8604769639	-0.2127381048	0.02
-0.8604769639	-0.2127381048	0.03
-0.8604769639	-0.2127381048	0.04
-0.8604769639	-0.2127381048	0.05
-0.8604769639	-0.2127381048	0.06
-0.8604769639	-0.2127381048	0.07
-0.8604769639	-0.2127381048	0.08
-0.8604769639	-0.2127381048	0.09
-0.8604769639	-0.2127381048	0.1
-0.8604769639	-0.1710714381	0
-0.8604769639	-0.1710714381	0.01
-0.8604769639	-0.1710714381	0.02
-0.8604769639	-0.1710714381	0.03
-0.8604769639	-0.1710714381	0.04
-0.8604769639	-0.1710714381	0.05
-0.8604769639	-0.1710714381	0.06
-0.8604769639	-0.1710714381	0.07
-0.8604769639	-0.1710714381	0.08
-0.8604769639	-0.1710714381	0.09
-0.8604769639	-0.1710714381	0.1
-0.8604769639	-0.1294047715	0
-0.8604769639	-0.1294047715	0.01
-0.8604769639	-0.1294047715	0.02
-0.8604769639	-0.1294047715	0.03
-0.8604769639	-0.1294047715	0.04
-0.8604769639	-0.1294047715	0.05
-0.8604769639	-0.1294047715	0.06
-0.8604769639	-0.1294047715	0.07
-0.8604769639	-0.1294047715	0.08
-0.8604769639	-0.1294047715	0.09
-0.8604769639	-0.1294047715	0.1
-0.8604769639	-0.08773810481	0
-0.8604769639	-0.08773810481	0.01
-0.8604769639	-0.08773810481	0.02
-0.8604769639	-0.08773810481	0.03
-0.8604769639	-0.08773810481	0.04
-0.8604769639	-0.08773810481	0.05
-0.8604769639	-0.08773810481	0.06
-0.8604769639	-0.08773810481	0.07
-0.8604769639	-0.08773810481	0.08
-0.8604769639	-0.08773810481	0.09
-0.8604769639	-0.08773810481	0.1
-0.8604769639	-0.04607143814	0
-0.8604769639	-0.04607143814	0.01
-0.8604769639	-0.04607143814	0.02
-0.8604769639	-0.04607143814	0.03
-0.8604769639	-0.04607143814	0.04
-0.8604769639	-0.04607143814	0.05
-0.8604769639	-0.04607143814	0.06
-0.8604769639	-0.04607143814	0.07
-0.8604769639	-0.04607143814	0.08
-0.8604769639	-0.04607143814	0.09
-0.8604769639	-0.04607143814	0.1
-0.8604769639	-0.004404771475	0
-0.8604769639	-0.004404771475	0.01
-0.8604769639	-0.004404771475	0.02
-0.8604769639	-0.004404771475	0.03
-0.8604769639	-0.004404771475	0.04
-0.8604769639	-0.004404771475	0.05
-0.8604769639	-0.004404771475	0.06
-0.8604769639	-0.004404771475	0.07
-0.8604769639	-0.004404771475	0.08
-0.8604769639	-0.004404771475	0.09
-0.8604769639	-0.004404771475	0.1
-0.8604769639	0.03726189519	0
-0.8604769639	0.03726189519	0.01
-0.8604769639	0.03726189519	0.02
-0.8604769639	0.03726189519	0.03
-0.8604769639	0.03726189519	0.04
-0.8604769639	0.03726189519	0.05
-0.8604769639	0.03726189519	0.06
-0.8604769639	0.03726189519	0.07
-0.8604769639	0.03726189519	0.08
-0.8604769639	0.03726189519	0.09
-0.8604769639	0.03726189519	0.1
-0.7947138435	-0.9273727168	0
-0.7947138435	-0.9273727168	0.01
-0.7947138435	-0.9273727168	0.02
-0.7947138435	-0.9273727168	0.03
-0.7947138435	-0.9273727168	0.04
-0.7947138435	-0.9273727168	0.05
-0.7947138435	-0.9273727168	0.06
-0.7947138435	-0.9273727168	0.07
-0.7947138435	-0.9273727168	0.08
-0.7947138435	-0.9273727168	0.09
-0.7947138435	-0.9273727168	0.1
-0.7947138435	-0.8857060502	0
-0.7947138435	-0.8857060502	0.01
-0.7947138435	-0.8857060502	0.02
-0.7947138435	-0.8857060502	0.03
-0.7947138435	-0.8857060502	0.04
-0.7947138435	-0.8857060502	0.05
-0.7947138435	-0.8857060502	0.06
-0.7947138435	-0.8857060502	0.07
-0.7947138435	-0.8857060502	0.08
-0.7947138435	-0.8857060502	0.09
-0.7947138435	-0.8857060502	0.1
-0.7947138435	-0.8440393835	0
-0.7947138435	-0.8440393835	0.01
-0.7947138435	-0.8440393835	0.02
-0.7947138435	-0.8440393835	0.03
-0.7947138435	-0.8440393835	0.04
-0.7947138435	-0.8440393835	0.05
-0.7947138435	-0.8440393835	0.06
-0.7947138435	-0.8440393835	0.07
-0.7947138435	-0.8440393835	0.08
-0.7947138435	-0.8440393835	0.09
-0.7947138435	-0.8440393835	0.1
-0.7947138435	-0.8023727168	0
-0.7947138435	-0.8023727168	0.01
-0.7947138435	-0.8023727168	0.02
-0.7947138435	-0.8023727168	0.03
-0.7947138435	-0.8023727168	0.04
-0.7947138435	-0.8023727168	0.05
-0.7947138435	-0.8023727168	0.06
-0.7947138435	-0.8023727168	0.07
-0.7947138435	-0.8023727168	0.08
-0.7947138435	-0.8023727168	0.09
-0.7947138435	-0.8023727168	0.1
-0.7947138435	-0.7607060502	0
-0.7947138435	-0.7607060502	0.01
-0.7947138435	-0.7607060502	0.02
-0.7947138435	-0.7607060502	0.03
-0.7947138435	-0.7607060502	0.04
-0.7947138435	-0.7607060502	0.05
-0.7947138435	-0.7607060502	0.06
-0.7947138435	-0.7607060502	0.07
-0.7947138435	-0.7607060502	0.08
-0.7947138435	-0.7607060502	0.09
-0.7947138435	-0.7607060502	0.1
-0.7947138435	-0.7190393835	0
-0.7947138435	-0.7190393835	0.01
-0.7947138435	-0.7190393835	0.02
-0.7947138435	-0.7190393835	0.03
-0.7947138435	-0.7190393835	0.04
-0.7947138435	-0.7190393835	0.05
-0.7947138435	-0.7190393835	0.06
-0.7947138435	-0.7190393835	0.07
-0.7947138435	-0.7190393835	0.08
-0.7947138435	-0.7190393835	0.09
-0.7947138435	-0.7190393835	0.1
-0.7947138435	-0.6773727168	0
-0.7947138435	-0.6773727168	0.01
-0.7947138435	-0.6773727168	0.02
-0.7947138435	-0.6773727168	0.03
-0.7947138435	-0.6773727168	0.04
-0.7947138435	-0.6773727168	0.05
-0.7947138435	-0.6773727168	0.06
-0.7947138435	-0.6773727168	0.07
-0.7947138435	-0.6773727168	0.08
-0.7947138435	-0.6773727168	0.09
-0.7947138435	-0.6773727168	0.1
-0.7947138435	-0.6357060502	0
-0.7947138435	-0.6357060502	0.01
-0.7947138435	-0.6357060502	0.02
-0.7947138435	-0.6357060502	0.03
-0.7947138435	-0.6357060502	0.04
-0.7947138435	-0.6357060502	0.05
-0.7947138435	-0.6357060502	0.06
-0.7947138435	-0.6357060502	0.07
-0.7947138435	-0.6357060502	0.08
-0.7947138435	-0.6357060502	0.09
-0.7947138435	-0.6357060502	0.1
-0.7947138435	-0.5940393835	0
-0.7947138435	-0.5940393835	0.01
-0.7947138435	-0.5940393835	0.02
-0.7947138435	-0.5940393835	0.03
-0.7947138435	-0.5940393835	0.04
-0.7947138435	-0.5940393835	0.05
-0.7947138435	-0.5940393835	0.06
-0.7947138435	-0.5940393835	0.07
-0.7947138435	-0.5940393835	0.08
-0.7947138435	-0.5940393835	0.09
-0.7947138435	-0.5940393835	0.1
-0.7947138435	-0.5523727168	0
-0.7947138435	-0.5523727168	0.01
-0.7947138435	-0.5523727168	0.02
-0.7947138435	-0.5523727168	0.03
-0.7947138435	-0.5523727168	0.04
-0.7947138435	-0.5523727168	0.05
-0.7947138435	-0.5523727168	0.06
-0.7947138435	-0.5523727168	0.07
-0.7947138435	-0.5523727168	0.08
-0.7947138435	-0.5523727168	0.09
-0.7947138435	-0.5523727168	0.1
-0.7947138435	-0.5107060502	0
-0.7947138435	-0.5107060502	0.01
-0.7947138435	-0.5107060502	0.02
-0.7947138435	-0.5107060502	0.03
-0.7947138435	-0.5107060502	0.04
-0.7947138435	-0.5107060502	0.05
-0.7947138435	-0.5107060502	0.06
-0.7947138435	-0.5107060502	0.07
-0.7947138435	-0.5107060502	0.08
-0.7947138435	-0.5107060502	0.09
-0.7947138435	-0.5107060502	0.1
-0.7947138435	-0.4690393835	0
-0.7947138435	-0.4690393835	0.01
-0.7947138435	-0.4690393835	0.02
-0.7947138435	-0.4690393835	0.03
-0.7947138435	-0.4690393835	0.04
-0.7947138435	-0.4690393835	0.05
-0.7947138435	-0.4690393835	0.06
-0.7947138435	-0.4690393835	0.07
-0.7947138435	-0.4690393835	0.08
-0.7947138435	-0.4690393835	0.09
-0.7947138435	-0.4690393835	0.1
-0.7947138435	-0.4273727168	0
-0.7947138435	-0.4273727168	0.01
-0.7947138435	-0.4273727168	0.02
-0.7947138435	-0.4273727168	0.03
-0.7947138435	-0.4273727168	0.04
-0.7947138435	-0.4273727168	0.05
-0.7947138435	-0.4273727168	0.06
-0.7947138435	-0.4273727168	0.07
-0.7947138435	-0.4273727168	0.08
-0.7947138435	-0.4273727168	0.09
-0.7947138435	-0.4273727168	0.1
-0.7947138435	-0.3857060502	0
-0.7947138435	-0.3857060502	0.01
-0.7947138435	-0.3857060502	0.02
-0.7947138435	-0.3857060502	0.03
-0.7947138435	-0.3857060502	0.04
-0.7947138435	-0.3857060502	0.05
-0.7947138435	-0.3857060502	0.06
-0.7947138435	-0.3857060502	0.07
-0.7947138435	-0.3857060502	0.08
-0.7947138435	-0.3857060502	0.09
-0.7947138435	-0.3857060502	0.1
-0.7947138435	-0.3440393835	0
-0.7947138435	-0.3440393835	0.01
-0.7947138435	-0.3440393835	0.02
-0.7947138435	-0.3440393835	0.03
-0.7947138435	-0.3440393835	0.04
-0.7947138435	-0.3440393835	0.05
-0.7947138435	-0.3440393835	0.06
-0.7947138435	-0.3440393835	0.07
-0.7947138435	-0.3440393835	0.08
-0.7947138435	-0.3440393835	0.09
-0.7947138435	-0.3440393835	0.1
-0.7947138435	-0.3023727168	0
-0.7947138435	-0.3023727168	0.01
-0.7947138435	-0.3023727168	0.02
-0.7947138435	-0.3023727168	0.03
-0.7947138435	-0.3023727168	0.04
-0.7947138435	-0.3023727168	0.05
-0.7947138435	-0.3023727168	0.06
-0.7947138435	-0.3023727168	0.07
-0.7947138435	-0.3023727168	0.08
-0.7947138435	-0.3023727168	0.09
-0.7947138435	-0.3023727168	0.1
-0.7947138435	-0.2607060502	0
-0.7947138435	-0.2607060502	0.01
-0.7947138435	-0.2607060502	0.02
-0.7947138435	-0.2607060502	0.03
-0.7947138435	-0.2607060502	0.04
-0.7947138435	-0.2607060502	0.05
-0.7947138435	-0.2607060502	0.06
-0.7947138435	-0.2607060502	0.07
-0.7947138435	-0.2607060502	0.08
-0.7947138435	-0.2607060502	0.09
-0.7947138435	-0.2607060502	0.1
-0.7947138435	-0.2190393835	0
-0.7947138435	-0.2190393835	0.01
-0.7947138435	-0.2190393835	0.02
-0.7947138435	-0.2190393835	0.03
-0.7947138435	-0.2190393835	0.04
-0.7947138435	-0.2190393835	0.05
-0.7947138435	-0.2190393835	0.06
-0.7947138435	-0.2190393835	0.07
-0.7947138435	-0.2190393835	0.08
-0.7947138435	-0.2190393835	0.09
-0.7947138435	-0.2190393835	0.1
-0.7947138435	-0.1773727168	0
-0.7947138435	-0.1773727168	0.01
-0.7947138435	-0.1773727168	0.02
-0.7947138435	-0.1773727168	0.03
-0.7947138435	-0.1773727168	0.04
-0.7947138435	-0.1773727168	0.05
-0.7947138435	-0.1773727168	0.06
-0.7947138435	-0.1773727168	0.07
-0.7947138435	-0.1773727168	0.08
-0.7947138435	-0.1773727168	0.09
-0.7947138435	-0.1773727168	0.1
-0.7947138435	-0.1357060502	0
-0.7947138435	-0.1357060502	0.01
-0.7947138435	-0.1357060502	0.02
-0.7947138435	-0.1357060502	0.03
-0.7947138435	-0.1357060502	0.04
-0.7947138435	-0.1357060502	0.05
-0.7947138435	-0.1357060502	0.06
-0.7947138435	-0.1357060502	0.07
-0.7947138435	-0.1357060502	0.08
-0.7947138435	-0.1357060502	0.09
-0.7947138435	-0.1357060502	0.1
-0.7947138435	-0.0940393835	0
-0.7947138435	-0.0940393835	0.01
-0.7947138435	-0.0940393835	0.02
-0.7947138435	-0.0940393835	0.03
-0.7947138435	-0.0940393835	0.04
-0.7947138435	-0.0940393835	0.05
-0.7947138435	-0.0940393835	0.06
-0.7947138435	-0.0940393835	0.07
-0.7947138435	-0.0940393835	0.08
-0.7947138435	-0.0940393835	0.09
-0.7947138435	-0.0940393835	0.1
-0.7947138435	-0.05237271683	0
-0.7947138435	-0.05237271683	0.01
-0.7947138435	-0.05237271683	0.02
-0.7947138435	-0.05237271683	0.03
-0.7947138435	-0.05237271683	0.04
-0.7947138435	-0.05237271683	0.05
-0.7947138435	-0.05237271683	0.06
-0.7947138435	-0.05237271683	0.07
-0.7947138435	-0.05237271683	0.08
-0.7947138435	-0.05237271683	0.09
-0.7947138435	-0.05237271683	0.1
-0.7947138435	-0.01070605017	0
-0.7947138435	-0.01070605017	0.01
-0.7947138435	-0.01070605017	0.02
-0.7947138435	-0.01070605017	0.03
-0.7947138435	-0.01070605017	0.04
-0.7947138435	-0.01070605017	0.05
-0.7947138435	-0.01070605017	0.06
-0.7947138435	-0.01070605017	0.07
-0.7947138435	-0.01070605017	0.08
-0.7947138435	-0.01070605017	0.09
-0.7947138435	-0.01070605017	0.1
-0.7947138435	0.0309606165	0
-0.7947138435	0.0309606165	0.01
-0.7947138435	0.0309606165	0.02
-0.7947138435	0.0309606165	0.03
-0.7947138435	0.0309606165	0.04
-0.7947138435	0.0309606165	0.05
-0.7947138435	0.0309606165	0.06
-0.7947138435	0.0309606165	0.07
-0.7947138435	0.0309606165	0.08
-0.7947138435	0.0309606165	0.09
-0.7947138435	0.0309606165	0.1
-0.7947138435	0.07262728317	0
-0.7947138435	0.07262728317	0.01
-0.7947138435	0.07262728317	0.02
-0.7947138435	0.07262728317	0.03
-0.7947138435	0.07262728317	0.04
-0.7947138435	0.07262728317	0.05
-0.7947138435	0.07262728317	0.06
-0.7947138435	0.07262728317	0.07
-0.7947138435	0.07262728317	0.08
-0.7947138435	0.07262728317	0.09
-0.7947138435	0.07262728317	0.1
-0.731480074	-0.8933675361	0
-0.731480074	-0.8933675361	0.01
-0.731480074	-0.8933675361	0.02
-0.731480074	-0.8933675361	0.03
-0.731480074	-0.8933675361	0.04
-0.731480074	-0.8933675361	0.05
-0.731480074	-0.8933675361	0.06
-0.731480074	-0.8933675361	0.07
-0.731480074	-0.8933675361	0.08
-0.731480074	-0.8933675361	0.09
-0.731480074	-0.8933675361	0.1
-0.731480074	-0.8517008694	0
-0.731480074	-0.8517008694	0.01
-0.731480074	-0.8517008694	0.02
-0.731480074	-0.8517008694	0.03
-0.731480074	-0.8517008694	0.04
-0.731480074	-0.8517008694	0.05
-0.731480074	-0.8517008694	0.06
-0.731480074	-0.8517008694	0.07
-0.731480074	-0.8517008694	0.08
-0.731480074	-0.8517008694	0.09
-0.731480074	-0.8517008694	0.1
-0.731480074	-0.8100342028	0
-0.731480074	-0.8100342028	0.01
-0.731480074	-0.8100342028	0.02
-0.731480074	-0.8100342028	0.03
-0.731480074	-0.8100342028	0.04
-0.731480074	-0.8100342028	0.05
-0.731480074	-0.8100342028	0.06
-0.731480074	-0.8100342028	0.07
-0.731480074	-0.8100342028	0.08
-0.731480074	-0.8100342028	0.09
-0.731480074	-0.8100342028	0.1
-0.731480074	-0.7683675361	0
-0.731480074	-0.7683675361	0.01
-0.731480074	-0.7683675361	0.02
-0.731480074	-0.7683675361	0.03
-0.731480074	-0.7683675361	0.04
-0.731480074	-0.7683675361	0.05
-0.731480074	-0.7683675361	0.06
-0.731480074	-0.7683675361	0.07
-0.731480074	-0.7683675361	0.08
-0.731480074	-0.7683675361	0.09
-0.731480074	-0.7683675361	0.1
-0.731480074	-0.7267008694	0
-0.731480074	-0.7267008694	0.01
-0.731480074	-0.7267008694	0.02
-0.731480074	-0.7267008694	0.03
-0.731480074	-0.7267008694	0.04
-0.731480074	-0.7267008694	0.05
-0.731480074	-0.7267008694	0.06
-0.731480074	-0.7267008694	0.07
-0.731480074	-0.7267008694	0.08
-0.731480074	-0.7267008694	0.09
-0.731480074	-0.7267008694	0.1
-0.731480074	-0.6850342028	0
-0.731480074	-0.6850342028	0.01
-0.731480074	-0.6850342028	0.02
-0.731480074	-0.6850342028	0.03
-0.731480074	-0.6850342028	0.04
-0.731480074	-0.6850342028	0.05
-0.731480074	-0.6850342028	0.06
-0.731480074	-0.6850342028	0.07
-0.731480074	-0.6850342028	0.08
-0.731480074	-0.6850342028	0.09
-0.731480074	-0.6850342028	0.1
-0.731480074	-0.6433675361	0
-0.731480074	-0.6433675361	0.01
-0.731480074	-0.6433675361	0.02
-0.731480074	-0.6433675361	0.03
-0.731480074	-0.6433675361	0.04
-0.731480074	-0.6433675361	0.05
-0.731480074	-0.6433675361	0.06
-0.731480074	-0.6433675361	0.07
-0.731480074	-0.6433675361	0.08
-0.731480074	-0.6433675361	0.09
-0.731480074	-0.6433675361	0.1
-0.731480074	-0.6017008694	0
-0.731480074	-0.6017008694	0.01
-0.731480074	-0.6017008694	0.02
-0.731480074	-0.6017008694	0.03
-0.731480074	-0.6017008694	0.04
-0.731480074	-0.6017008694	0.05
-0.731480074	-0.6017008694	0.06
-0.731480074	-0.6017008694	0.07
-0.731480074	-0.6017008694	0.08
-0.731480074	-0.6017008694	0.09
-0.731480074	-0.6017008694	0.1
-0.731480074	-0.5600342028	0
-0.731480074	-0.5600342028	0.01
-0.731480074	-0.5600342028	0.02
-0.731480074	-0.5600342028	0.03
-0.731480074	-0.5600342028	0.04
-0.731480074	-0.5600342028	0.05
-0.731480074	-0.5600342028	0.06
-0.731480074	-0.5600342028	0.07
-0.731480074	-0.5600342028	0.08
-0.731480074	-0.5600342028	0.09
-0.731480074	-0.5600342028	0.1
-0.731480074	-0.5183675361	0
-0.731480074	-0.5183675361	0.01
-0.731480074	-0.5183675361	0.02
-0.731480074	-0.5183675361	0.03
-0.731480074	-0.5183675361	0.04
-0.731480074	-0.5183675361	0.05
-0.731480074	-0.5183675361	0.06
-0.731480074	-0.5183675361	0.07
-0.731480074	-0.5183675361	0.08
-0.731480074	-0.5183675361	0.09
-0.731480074	-0.5183675361	0.1
-0.731480074	-0.4767008694	0
-0.731480074	-0.4767008694	0.01
-0.731480074	-0.4767008694	0.02
-0.731480074	-0.4767008694	0.03
-0.731480074	-0.4767008694	0.04
-0.731480074	-0.4767008694	0.05
-0.731480074	-0.4767008694	0.06
-0.731480074	-0.4767008694	0.07
-0.731480074	-0.4767008694	0.08
-0.731480074	-0.4767008694	0.09
-0.731480074	-0.4767008694	0.1
-0.731480074	-0.4350342028	0
-0.731480074	-0.4350342028	0.01
-0.731480074	-0.4350342028	0.02
-0.731480074	-0.4350342028	0.03
-0.731480074	-0.4350342028	0.04
-0.731480074	-0.4350342028	0.05
-0.731480074	-0.4350342028	0.06
-0.731480074	-0.4350342028	0.07
-0.731480074	-0.4350342028	0.08
-0.731480074	-0.4350342028	0.09
-0.731480074	-0.4350342028	0.1
-0.731480074	-0.3933675361	0
-0.731480074	-0.3933675361	0.01
-0.731480074	-0.3933675361	0.02
-0.731480074	-0.3933675361	0.03
-0.731480074	-0.3933675361	0.04
-0.731480074	-0.3933675361	0.05
-0.731480074	-0.3933675361	0.06
-0.731480074	-0.3933675361	0.07
-0.731480074	-0.3933675361	0.08
-0.731480074	-0.3933675361	0.09
-0.731480074	-0.3933675361	0.1
-0.731480074	-0.3517008694	0
-0.731480074	-0.3517008694	0.01
-0.731480074	-0.3517008694	0.02
-0.731480074	-0.3517008694	0.03
-0.731480074	-0.3517008694	0.04
-0.731480074	-0.3517008694	0.05
-0.731480074	-0.3517008694	0.06
-0.731480074	-0.3517008694	0.07
-0.731480074	-0.3517008694	0.08
-0.731480074	-0.3517008694	0.09
-0.731480074	-0.3517008694	0.1
-0.731480074	-0.3100342028	0
-0.731480074	-0.3100342028	0.01
-0.731480074	-0.3100342028	0.02
-0.731480074	-0.3100342028	0.03
-0.731480074	-0.3100342028	0.04
-0.731480074	-0.3100342028	0.05
-0.731480074	-0.3100342028	0.06
-0.731480074	-0.3100342028	0.07
-0.731480074	-0.3100342028	0.08
-0.731480074	-0.3100342028	0.09
-0.731480074	-0.3100342028	0.1
-0.731480074	-0.2683675361	0
-0.731480074	-0.2683675361	0.01
-0.731480074	-0.2683675361	0.02
-0.731480074	-0.2683675361	0.03
-0.731480074	-0.2683675361	0.04
-0.731480074	-0.2683675361	0.05
-0.731480074	-0.2683675361	0.06
-0.731480074	-0.2683675361	0.07
-0.731480074	-0.2683675361	0.08
-0.731480074	-0.2683675361	0.09
-0.731480074	-0.2683675361	0.1
-0.731480074	-0.2267008694	0
-0.731480074	-0.2267008694	0.01
-0.731480074	-0.2267008694	0.02
-0.731480074	-0.2267008694	0.03
-0.731480074	-0.2267008694	0.04
-0.731480074	-0.2267008694	0.05
-0.731480074	-0.2267008694	0.06
-0.731480074	-0.2267008694	0.07
-0.731480074	-0.2267008694	0.08
-0.731480074	-0.2267008694	0.09
-0.731480074	-0.2267008694	0.1
-0.731480074	-0.1850342028	0
-0.731480074	-0.1850342028	0.01
-0.731480074	-0.1850342028	0.02
-0.731480074	-0.1850342028	0.03
-0.731480074	-0.1850342028	0.04
-0.731480074	-0.1850342028	0.05
-0.731480074	-0.1850342028	0.06
-0.731480074	-0.1850342028	0.07
-0.731480074	-0.1850342028	0.08
-0.731480074	-0.1850342028	0.09
-0.731480074	-0.1850342028	0.1
-0.731480074	-0.1433675361	0
-0.731480074	-0.1433675361	0.01
-0.731480074	-0.1433675361	0.02
-0.731480074	-0.1433675361	0.03
-0.731480074	-0.1433675361	0.04
-0.731480074	-0.1433675361	0.05
-0.731480074	-0.1433675361	0.06
-0.731480074	-0.1433675361	0.07
-0.731480074	-0.1433675361	0.08
-0.731480074	-0.1433675361	0.09
-0.731480074	-0.1433675361	0.1
-0.731480074	-0.1017008694	0
-0.731480074	-0.1017008694	0.01
-0.731480074	-0.1017008694	0.02
-0.731480074	-0.1017008694	0.03
-0.731480074	-0.1017008694	0.04
-0.731480074	-0.1017008694	0.05
-0.731480074	-0.1017008694	0.06
-0.731480074	-0.1017008694	0.07
-0.731480074	-0.1017008694	0.08
-0.731480074	-0.1017008694	0.09
-0.731480074	-0.1017008694	0.1
-0.731480074	-0.06003420275	0
-0.731480074	-0.06003420275	0.01
-0.731480074	-0.06003420275	0.02
-0.731480074	-0.06003420275	0.03
-0.731480074	-0.06003420275	0.04
-0.731480074	-0.06003420275	0.05
-0.731480074	-0.06003420275	0.06
-0.731480074	-0.06003420275	0.07
-0.731480074	-0.06003420275	0.08
-0.731480074	-0.06003420275	0.09
-0.731480074	-0.06003420275	0.1
-0.731480074	-0.01836753609	0
-0.731480074	-0.01836753609	0.01
-0.731480074	-0.01836753609	0.02
-0.731480074	-0.01836753609	0.03
-0.731480074	-0.01836753609	0.04
-0.731480074	-0.01836753609	0.05
-0.731480074	-0.01836753609	0.06
-0.731480074	-0.01836753609	0.07
-0.731480074	-0.01836753609	0.08
-0.731480074	-0.01836753609	0.09
-0.731480074	-0.01836753609	0.1
-0.731480074	0.02329913058	0
-0.731480074	0.02329913058	0.01
-0.731480074	0.02329913058	0.02
-0.731480074	0.02329913058	0.03
-0.731480074	0.02329913058	0.04
-0.731480074	0.02329913058	0.05
-0.731480074	0.02329913058	0.06
-0.731480074	0.02329913058	0.07
-0.731480074	0.02329913058	0.08
-0.731480074	0.02329913058	0.09
-0.731480074	0.02329913058	0.1
-0.731480074	0.06496579725	0
-0.731480074	0.06496579725	0.01
-0.731480074	0.06496579725	0.02
-0.731480074	0.06496579725	0.03
-0.731480074	0.06496579725	0.04
-0.731480074	0.06496579725	0.05
-0.731480074	0.06496579725	0.06
-0.731480074	0.06496579725	0.07
-0.731480074	0.06496579725	0.08
-0.731480074	0.06496579725	0.09
-0.731480074	0.06496579725	0.1
-0.731480074	0.1066324639	0
-0.731480074	0.1066324639	0.01
-0.731480074	0.1066324639	0.02
-0.731480074	0.1066324639	0.03
-0.731480074	0.1066324639	0.04
-0.731480074	0.1066324639	0.05
-0.731480074	0.1066324639	0.06
-0.731480074	0.1066324639	0.07
-0.731480074	0.1066324639	0.08
-0.731480074	0.1066324639	0.09
-0.731480074	0.1066324639	0.1
-0.6706783725	-0.8606702469	0
-0.6706783725	-0.8606702469	0.01
-0.6706783725	-0.8606702469	0.02
-0.6706783725	-0.8606702469	0.03
-0.6706783725	-0.8606702469	0.04
-0.6706783725	-0.8606702469	0.05
-0.6706783725	-0.8606702469	0.06
-0.6706783725	-0.8606702469	0.07
-0.6706783725	-0.8606702469	0.08
-0.6706783725	-0.8606702469	0.09
-0.6706783725	-0.8606702469	0.1
-0.6706783725	-0.8190035802	0
-0.6706783725	-0.8190035802	0.01
-0.6706783725	-0.8190035802	0.02
-0.6706783725	-0.8190035802	0.03
-0.6706783725	-0.8190035802	0.04
-0.6706783725	-0.8190035802	0.05
-0.6706783725	-0.8190035802	0.06
-0.6706783725	-0.8190035802	0.07
-0.6706783725	-0.8190035802	0.08
-0.6706783725	-0.8190035802	0.09
-0.6706783725	-0.8190035802	0.1
-0.6706783725	-0.7773369136	0
-0.6706783725	-0.7773369136	0.01
-0.6706783725	-0.7773369136	0.02
-0.6706783725	-0.7773369136	0.03
-0.6706783725	-0.7773369136	0.04
-0.6706783725	-0.7773369136	0.05
-0.6706783725	-0.7773369136	0.06
-0.6706783725	-0.7773369136	0.07
-0.6706783725	-0.7773369136	0.08
-0.6706783725	-0.7773369136	0.09
-0.6706783725	-0.7773369136	0.1
-0.6706783725	-0.7356702469	0
-0.6706783725	-0.7356702469	0.01
-0.6706783725	-0.7356702469	0.02
-0.6706783725	-0.7356702469	0.03
-0.6706783725	-0.7356702469	0.04
-0.6706783725	-0.7356702469	0.05
-0.6706783725	-0.7356702469	0.06
-0.6706783725	-0.7356702469	0.07
-0.6706783725	-0.7356702469	0.08
-0.6706783725	-0.7356702469	0.09
-0.6706783725	-0.7356702469	0.1
-0.6706783725	-0.6940035802	0
-0.6706783725	-0.6940035802	0.01
-0.6706783725	-0.6940035802	0.02
-0.6706783725	-0.6940035802	0.03
-0.6706783725	-0.6940035802	0.04
-0.6706783725	-0.6940035802	0.05
-0.6706783725	-0.6940035802	0.06
-0.6706783725	-0.6940035802	0.07
-0.6706783725	-0.6940035802	0.08
-0.6706783725	-0.6940035802	0.09
-0.6706783725	-0.6940035802	0.1
-0.6706783725	-0.6523369136	0
-0.6706783725	-0.6523369136	0.01
-0.6706783725	-0.6523369136	0.02
-0.6706783725	-0.6523369136	0.03
-0.6706783725	-0.6523369136	0.04
-0.6706783725	-0.6523369136	0.05
-0.6706783725	-0.6523369136	0.06
-0.6706783725	-0.6523369136	0.07
-0.6706783725	-0.6523369136	0.08
-0.6706783725	-0.6523369136	0.09
-0.6706783725	-0.6523369136	0.1
-0.6706783725	-0.6106702469	0
-0.6706783725	-0.6106702469	0.01
-0.6706783725	-0.6106702469	0.02
-0.6706783725	-0.6106702469	0.03
-0.6706783725	-0.6106702469	0.04
-0.6706783725	-0.6106702469	0.05
-0.6706783725	-0.6106702469	0.06
-0.6706783725	-0.6106702469	0.07
-0.6706783725	-0.6106702469	0.08
-0.6706783725	-0.6106702469	0.09
-0.6706783725	-0.6106702469	0.1
-0.6706783725	-0.5690035802	0
-0.6706783725	-0.5690035802	0.01
-0.6706783725	-0.5690035802	0.02
-0.6706783725	-0.5690035802	0.03
-0.6706783725	-0.5690035802	0.04
-0.6706783725	-0.5690035802	0.05
-0.6706783725	-0.5690035802	0.06
-0.6706783725	-0.5690035802	0.07
-0.6706783725	-0.5690035802	0.08
-0.6706783725	-0.5690035802	0.09
-0.6706783725	-0.5690035802	0.1
-0.6706783725	-0.5273369136	0
-0.6706783725	-0.5273369136	0.01
-0.6706783725	-0.5273369136	0.02
-0.6706783725	-0.5273369136	0.03
-0.6706783725	-0.5273369136	0.04
-0.6706783725	-0.5273369136	0.05
-0.6706783725	-0.5273369136	0.06
-0.6706783725	-0.5273369136	0.07
-0.6706783725	-0.5273369136	0.08
-0.6706783725	-0.5273369136	0.09
-0.6706783725	-0.5273369136	0.1
-0.6706783725	-0.4856702469	0
-0.6706783725	-0.4856702469	0.01
-0.6706783725	-0.4856702469	0.02
-0.6706783725	-0.4856702469	0.03
-0.6706783725	-0.4856702469	0.04
-0.6706783725	-0.4856702469	0.05
-0.6706783725	-0.4856702469	0.06
-0.6706783725	-0.4856702469	0.07
-0.6706783725	-0.4856702469	0.08
-0.6706783725	-0.4856702469	0.09
-0.6706783725	-0.4856702469	0.1
-0.6706783725	-0.4440035802	0
-0.6706783725	-0.4440035802	0.01
-0.6706783725	-0.4440035802	0.02
-0.6706783725	-0.4440035802	0.03
-0.6706783725	-0.4440035802	0.04
-0.6706783725	-0.4440035802	0.05
-0.6706783725	-0.4440035802	0.06
-0.6706783725	-0.4440035802	0.07
-0.6706783725	-0.4440035802	0.08
-0.6706783725	-0.4440035802	0.09
-0.6706783725	-0.4440035802	0.1
-0.6706783725	-0.4023369136	0
-0.6706783725	-0.4023369136	0.01
-0.6706783725	-0.4023369136	0.02
-0.6706783725	-0.4023369136	0.03
-0.6706783725	-0.4023369136	0.04
-0.6706783725	-0.4023369136	0.05
-0.6706783725	-0.4023369136	0.06
-0.6706783725	-0.4023369136	0.07
-0.6706783725	-0.4023369136	0.08
-0.6706783725	-0.4023369136	0.09
-0.6706783725	-0.4023369136	0.1
-0.6706783725	-0.3606702469	0
-0.6706783725	-0.3606702469	0.01
-0.6706783725	-0.3606702469	0.02
-0.6706783725	-0.3606702469	0.03
-0.6706783725	-0.3606702469	0.04
-0.6706783725	-0.3606702469	0.05
-0.6706783725	-0.3606702469	0.06
-0.6706783725	-0.3606702469	0.07
-0.6706783725	-0.3606702469	0.08
-0.6706783725	-0.3606702469	0.09
-0.6706783725	-0.3606702469	0.1
-0.6706783725	-0.3190035802	0
-0.6706783725	-0.3190035802	0.01
-0.6706783725	-0.3190035802	0.02
-0.6706783725	-0.3190035802	0.03
-0.6706783725	-0.3190035802	0.04
-0.6706783725	-0.3190035802	0.05
-0.6706783725	-0.3190035802	0.06
-0.6706783725	-0.3190035802	0.07
-0.6706783725	-0.3190035802	0.08
-0.6706783725	-0.3190035802	0.09
-0.6706783725	-0.3190035802	0.1
-0.6706783725	-0.2773369136	0
-0.6706783725	-0.2773369136	0.01
-0.6706783725	-0.2773369136	0.02
-0.6706783725	-0.2773369136	0.03
-0.6706783725	-0.2773369136	0.04
-0.6706783725	-0.2773369136	0.05
-0.6706783725	-0.2773369136	0.06
-0.6706783725	-0.2773369136	0.07
-0.6706783725	-0.2773369136	0.08
-0.6706783725	-0.2773369136	0.09
-0.6706783725	-0.2773369136	0.1
-0.6706783725	-0.2356702469	0
-0.6706783725	-0.2356702469	0.01
-0.6706783725	-0.2356702469	0.02
-0.6706783725	-0.2356702469	0.03
-0.6706783725	-0.2356702469	0.04
-0.6706783725	-0.2356702469	0.05
-0.6706783725	-0.2356702469	0.06
-0.6706783725	-0.2356702469	0.07
-0.6706783725	-0.2356702469	0.08
-0.6706783725	-0.2356702469	0.09
-0.6706783725	-0.2356702469	0.1
-0.6706783725	-0.1940035802	0
-0.6706783725	-0.1940035802	0.01
-0.6706783725	-0.1940035802	0.02
-0.6706783725	-0.1940035802	0.03
-0.6706783725	-0.1940035802	0.04
-0.6706783725	-0.1940035802	0.05
-0.6706783725	-0.1940035802	0.06
-0.6706783725	-0.1940035802	0.07
-0.6706783725	-0.1940035802	0.08
-0.6706783725	-0.1940035802	0.09
-0.6706783725	-0.1940035802	0.1
-0.6706783725	-0.1523369136	0
-0.6706783725	-0.1523369136	0.01
-0.6706783725	-0.1523369136	0.02
-0.6706783725	-0.1523369136	0.03
-0.6706783725	-0.1523369136	0.04
-0.6706783725	-0.1523369136	0.05
-0.6706783725	-0.1523369136	0.06
-0.6706783725	-0.1523369136	0.07
-0.6706783725	-0.1523369136	0.08
-0.6706783725	-0.1523369136	0.09
-0.6706783725	-0.1523369136	0.1
-0.6706783725	-0.1106702469	0
-0.6706783725	-0.1106702469	0.01
-0.6706783725	-0.1106702469	0.02
-0.6706783725	-0.1106702469	0.03
-0.6706783725	-0.1106702469	0.04
-0.6706783725	-0.1106702469	0.05
-0.6706783725	-0.1106702469	0.06
-0.6706783725	-0.1106702469	0.07
-0.6706783725	-0.1106702469	0.08
-0.6706783725	-0.1106702469	0.09
-0.6706783725	-0.1106702469	0.1
-0.6706783725	-0.06900358024	0
-0.6706783725	-0.06900358024	0.01
-0.6706783725	-0.06900358024	0.02
-0.6706783725	-0.06900358024	0.03
-0.6706783725	-0.06900358024	0.04
-0.6706783725	-0.06900358024	0.05
-0.6706783725	-0.06900358024	0.06
-0.6706783725	-0.06900358024	0.07
-0.6706783725	-0.06900358024	0.08
-0.6706783725	-0.06900358024	0.09
-0.6706783725	-0.06900358024	0.1
-0.6706783725	-0.02733691357	0
-0.6706783725	-0.02733691357	0.01
-0.6706783725	-0.02733691357	0.02
-0.6706783725	-0.02733691357	0.03
-0.6706783725	-0.02733691357	0.04
-0.6706783725	-0.02733691357	0.05
-0.6706783725	-0.02733691357	0.06
-0.6706783725	-0.02733691357	0.07
-0.6706783725	-0.02733691357	0.08
-0.6706783725	-0.02733691357	0.09
-0.6706783725	-0.02733691357	0.1
-0.6706783725	0.01432975309	0
-0.6706783725	0.01432975309	0.01
-0.6706783725	0.01432975309	0.02
-0.6706783725	0.01432975309	0.03
-0.6706783725	0.01432975309	0.04
-0.6706783725	0.01432975309	0.05
-0.6706783725	0.01432975309	0.06
-0.6706783725	0.01432975309	0.07
-0.6706783725	0.01432975309	0.08
-0.6706783725	0.01432975309	0.09
-0.6706783725	0.01432975309	0.1
-0.6706783725	0.05599641976	0
-0.6706783725	0.05599641976	0.01
-0.6706783725	0.05599641976	0.02
-0.6706783725	0.05599641976	0.03
-0.6706783725	0.05599641976	0.04
-0.6706783725	0.05599641976	0.05
-0.6706783725	0.05599641976	0.06
-0.6706783725	0.05599641976	0.07
-0.6706783725	0.05599641976	0.08
-0.6706783725	0.05599641976	0.09
-0.6706783725	0.05599641976	0.1
-0.6706783725	0.09766308643	0
-0.6706783725	0.09766308643	0.01
-0.6706783725	0.09766308643	0.02
-0.6706783725	0.09766308643	0.03
-0.6706783725	0.09766308643	0.04
-0.6706783725	0.09766308643	0.05
-0.6706783725	0.09766308643	0.06
-0.6706783725	0.09766308643	0.07
-0.6706783725	0.09766308643	0.08
-0.6706783725	0.09766308643	0.09
-0.6706783725	0.09766308643	0.1
-0.6706783725	0.1393297531	0
-0.6706783725	0.1393297531	0.01
-0.6706783725	0.1393297531	0.02
-0.6706783725	0.1393297531	0.03
-0.6706783725	0.1393297531	0.04
-0.6706783725	0.1393297531	0.05
-0.6706783725	0.1393297531	0.06
-0.6706783725	0.1393297531	0.07
-0.6706783725	0.1393297531	0.08
-0.6706783725	0.1393297531	0.09
-0.6706783725	0.1393297531	0.1
-0.612215198	-0.8292305458	0
-0.612215198	-0.8292305458	0.01
-0.612215198	-0.8292305458	0.02
-0.612215198	-0.8292305458	0.03
-0.612215198	-0.8292305458	0.04
-0.612215198	-0.8292305458	0.05
-0.612215198	-0.8292305458	0.06
-0.612215198	-0.8292305458	0.07
-0.612215198	-0.8292305458	0.08
-0.612215198	-0.8292305458	0.09
-0.612215198	-0.8292305458	0.1
-0.612215198	-0.7875638791	0
-0.612215198	-0.7875638791	0.01
-0.612215198	-0.7875638791	0.02
-0.612215198	-0.7875638791	0.03
-0.612215198	-0.7875638791	0.04
-0.612215198	-0.7875638791	0.05
-0.612215198	-0.7875638791	0.06
-0.612215198	-0.7875638791	0.07
-0.612215198	-0.7875638791	0.08
-0.612215198	-0.7875638791	0.09
-0.612215198	-0.7875638791	0.1
-0.612215198	-0.7458972124	0
-0.612215198	-0.7458972124	0.01
-0.612215198	-0.7458972124	0.02
-0.612215198	-0.7458972124	0.03
-0.612215198	-0.7458972124	0.04
-0.612215198	-0.7458972124	0.05
-0.612215198	-0.7458972124	0.06
-0.612215198	-0.7458972124	0.07
-0.612215198	-0.7458972124	0.08
-0.612215198	-0.7458972124	0.09
-0.612215198	-0.7458972124	0.1
-0.612215198	-0.7042305458	0
-0.612215198	-0.7042305458	0.01
-0.612215198	-0.7042305458	0.02
-0.612215198	-0.7042305458	0.03
-0.612215198	-0.7042305458	0.04
-0.612215198	-0.7042305458	0.05
-0.612215198	-0.7042305458	0.06
-0.612215198	-0.7042305458	0.07
-0.612215198	-0.7042305458	0.08
-0.612215198	-0.7042305458	0.09
-0.612215198	-0.7042305458	0.1
-0.612215198	-0.6625638791	0
-0.612215198	-0.6625638791	0.01
-0.612215198	-0.6625638791	0.02
-0.612215198	-0.6625638791	0.03
-0.612215198	-0.6625638791	0.04
-0.612215198	-0.6625638791	0.05
-0.612215198	-0.6625638791	0.06
-0.612215198	-0.6625638791	0.07
-0.612215198	-0.6625638791	0.08
-0.612215198	-0.6625638791	0.09
-0.612215198	-0.6625638791	0.1
-0.612215198	-0.6208972124	0
-0.612215198	-0.6208972124	0.01
-0.612215198	-0.6208972124	0.02
-0.612215198	-0.6208972124	0.03
-0.612215198	-0.6208972124	0.04
-0.612215198	-0.6208972124	0.05
-0.612215198	-0.6208972124	0.06
-0.612215198	-0.6208972124	0.07
-0.612215198	-0.6208972124	0.08
-0.612215198	-0.6208972124	0.09
-0.612215198	-0.6208972124	0.1
-0.612215198	-0.5792305458	0
-0.612215198	-0.5792305458	0.01
-0.612215198	-0.5792305458	0.02
-0.612215198	-0.5792305458	0.03
-0.612215198	-0.5792305458	0.04
-0.612215198	-0.5792305458	0.05
-0.612215198	-0.5792305458	0.06
-0.612215198	-0.5792305458	0.07
-0.612215198	-0.5792305458	0.08
-0.612215198	-0.5792305458	0.09
-0.612215198	-0.5792305458	0.1
-0.612215198	-0.5375638791	0
-0.612215198	-0.5375638791	0.01
-0.612215198	-0.5375638791	0.02
-0.612215198	-0.5375638791	0.03
-0.612215198	-0.5375638791	0.04
-0.612215198	-0.5375638791	0.05
-0.612215198	-0.5375638791	0.06
-0.612215198	-0.5375638791	0.07
-0.612215198	-0.5375638791	0.08
-0.612215198	-0.5375638791	0.09
-0.612215198	-0.5375638791	0.1
-0.612215198	-0.4958972124	0
-0.612215198	-0.4958972124	0.01
-0.612215198	-0.4958972124	0.02
-0.612215198	-0.4958972124	0.03
-0.612215198	-0.4958972124	0.04
-0.612215198	-0.4958972124	0.05
-0.612215198	-0.4958972124	0.06
-0.612215198	-0.4958972124	0.07
-0.612215198	-0.4958972124	0.08
-0.612215198	-0.4958972124	0.09
-0.612215198	-0.4958972124	0.1
-0.612215198	-0.4542305458	0
-0.612215198	-0.4542305458	0.01
-0.612215198	-0.4542305458	0.02
-0.612215198	-0.4542305458	0.03
-0.612215198	-0.4542305458	0.04
-0.612215198	-0.4542305458	0.05
-0.612215198	-0.4542305458	0.06
-0.612215198	-0.4542305458	0.07
-0.612215198	-0.4542305458	0.08
-0.612215198	-0.4542305458	0.09
-0.612215198	-0.4542305458	0.1
-0.612215198	-0.4125638791	0
-0.612215198	-0.4125638791	0.01
-0.612215198	-0.4125638791	0.02
-0.612215198	-0.4125638791	0.03
-0.612215198	-0.4125638791	0.04
-0.612215198	-0.4125638791	0.05
-0.612215198	-0.4125638791	0.06
-0.612215198	-0.4125638791	0.07
-0.612215198	-0.4125638791	0.08
-0.612215198	-0.4125638791	0.09
-0.612215198	-0.4125638791	0.1
-0.612215198	-0.3708972124	0
-0.612215198	-0.3708972124	0.01
-0.612215198	-0.3708972124	0.02
-0.612215198	-0.3708972124	0.03
-0.612215198	-0.3708972124	0.04
-0.612215198	-0.3708972124	0.05
-0.612215198	-0.3708972124	0.06
-0.612215198	-0.3708972124	0.07
-0.612215198	-0.3708972124	0.08
-0.612215198	-0.3708972124	0.09
-0.612215198	-0.3708972124	0.1
-0.612215198	-0.3292305458	0
-0.612215198	-0.3292305458	0.01
-0.612215198	-0.3292305458	0.02
-0.612215198	-0.3292305458	0.03
-0.612215198	-0.3292305458	0.04
-0.612215198	-0.3292305458	0.05
-0.612215198	-0.3292305458	0.06
-0.612215198	-0.3292305458	0.07
-0.612215198	-0.3292305458	0.08
-0.612215198	-0.3292305458	0.09
-0.612215198	-0.3292305458	0.1
-0.612215198	-0.2875638791	0
-0.612215198	-0.2875638791	0.01
-0.612215198	-0.2875638791	0.02
-0.612215198	-0.2875638791	0.03
-0.612215198	-0.2875638791	0.04
-0.612215198	-0.2875638791	0.05
-0.612215198	-0.2875638791	0.06
-0.612215198	-0.2875638791	0.07
-0.612215198	-0.2875638791	0.08
-0.612215198	-0.2875638791	0.09
-0.612215198	-0.2875638791	0.1
-0.612215198	-0.2458972124	0
-0.612215198	-0.2458972124	0.01
-0.612215198	-0.2458972124	0.02
-0.612215198	-0.2458972124	0.03
-0.612215198	-0.2458972124	0.04
-0.612215198	-0.2458972124	0.05
-0.612215198	-0.2458972124	0.06
-0.612215198	-0.2458972124	0.07
-0.612215198	-0.2458972124	0.08
-0.612215198	-0.2458972124	0.09
-0.612215198	-0.2458972124	0.1
-0.612215198	-0.2042305458	0
-0.612215198	-0.2042305458	0.01
-0.612215198	-0.2042305458	0.02
-0.612215198	-0.2042305458	0.03
-0.612215198	-0.2042305458	0.04
-0.612215198	-0.2042305458	0.05
-0.612215198	-0.2042305458	0.06
-0.612215198	-0.2042305458	0.07
-0.612215198	-0.2042305458	0.08
-0.612215198	-0.2042305458	0.09
-0.612215198	-0.2042305458	0.1
-0.612215198	-0.1625638791	0
-0.612215198	-0.1625638791	0.01
-0.612215198	-0.1625638791	0.02
-0.612215198	-0.1625638791	0.03
-0.612215198	-0.1625638791	0.04
-0.612215198	-0.1625638791	0.05
-0.612215198	-0.1625638791	0.06
-0.612215198	-0.1625638791	0.07
-0.612215198	-0.1625638791	0.08
-0.612215198	-0.1625638791	0.09
-0.612215198	-0.1625638791	0.1
-0.612215198	-0.1208972124	0
-0.612215198	-0.1208972124	0.01
-0.612215198	-0.1208972124	0.02
-0.612215198	-0.1208972124	0.03
-0.612215198	-0.1208972124	0.04
-0.612215198	-0.1208972124	0.05
-0.612215198	-0.1208972124	0.06
-0.612215198	-0.1208972124	0.07
-0.612215198	-0.1208972124	0.08
-0.612215198	-0.1208972124	0.09
-0.612215198	-0.1208972124	0.1
-0.612215198	-0.07923054577	0
-0.612215198	-0.07923054577	0.01
-0.612215198	-0.07923054577	0.02
-0.612215198	-0.07923054577	0.03
-0.612215198	-0.07923054577	0.04
-0.612215198	-0.07923054577	0.05
-0.612215198	-0.07923054577	0.06
-0.612215198	-0.07923054577	0.07
-0.612215198	-0.07923054577	0.08
-0.612215198	-0.07923054577	0.09
-0.612215198	-0.07923054577	0.1
-0.612215198	-0.03756387911	0
-0.612215198	-0.03756387911	0.01
-0.612215198	-0.03756387911	0.02
-0.612215198	-0.03756387911	0.03
-0.612215198	-0.03756387911	0.04
-0.612215198	-0.03756387911	0.05
-0.612215198	-0.03756387911	0.06
-0.612215198	-0.03756387911	0.07
-0.612215198	-0.03756387911	0.08
-0.612215198	-0.03756387911	0.09
-0.612215198	-0.03756387911	0.1
-0.612215198	0.004102787561	0
-0.612215198	0.004102787561	0.01
-0.612215198	0.004102787561	0.02
-0.612215198	0.004102787561	0.03
-0.612215198	0.004102787561	0.04
-0.612215198	0.004102787561	0.05
-0.612215198	0.004102787561	0.06
-0.612215198	0.004102787561	0.07
-0.612215198	0.004102787561	0.08
-0.612215198	0.004102787561	0.09
-0.612215198	0.004102787561	0.1
-0.612215198	0.04576945423	0
-0.612215198	0.04576945423	0.01
-0.612215198	0.04576945423	0.02
-0.612215198	0.04576945423	0.03
-0.612215198	0.04576945423	0.04
-0.612215198	0.04576945423	0.05
-0.612215198	0.04576945423	0.06
-0.612215198	0.04576945423	0.07
-0.612215198	0.04576945423	0.08
-0.612215198	0.04576945423	0.09
-0.612215198	0.04576945423	0.1
-0.612215198	0.08743612089	0
-0.612215198	0.08743612089	0.01
-0.612215198	0.08743612089	0.02
-0.612215198	0.08743612089	0.03
-0.612215198	0.08743612089	0.04
-0.612215198	0.08743612089	0.05
-0.612215198	0.08743612089	0.06
-0.612215198	0.08743612089	0.07
-0.612215198	0.08743612089	0.08
-0.612215198	0.08743612089	0.09
-0.612215198	0.08743612089	0.1
-0.612215198	0.1291027876	0
-0.612215198	0.1291027876	0.01
-0.612215198	0.1291027876	0.02
-0.612215198	0.1291027876	0.03
-0.612215198	0.1291027876	0.04
-0.612215198	0.1291027876	0.05
-0.612215198	0.1291027876	0.06
-0.612215198	0.1291027876	0.07
-0.612215198	0.1291027876	0.08
-0.612215198	0.1291027876	0.09
-0.612215198	0.1291027876	0.1
-0.612215198	0.1707694542	0
-0.612215198	0.1707694542	0.01
-0.612215198	0.1707694542	0.02
-0.612215198	0.1707694542	0.03
-0.612215198	0.1707694542	0.04
-0.612215198	0.1707694542	0.05
-0.612215198	0.1707694542	0.06
-0.612215198	0.1707694542	0.07
-0.612215198	0.1707694542	0.08
-0.612215198	0.1707694542	0.09
-0.612215198	0.1707694542	0.1
-0.5560006071	-0.7990000639	0
-0.5560006071	-0.7990000639	0.01
-0.5560006071	-0.7990000639	0.02
-0.5560006071	-0.7990000639	0.03
-0.5560006071	-0.7990000639	0.04
-0.5560006071	-0.7990000639	0.05
-0.5560006071	-0.7990000639	0.06
-0.5560006071	-0.7990000639	0.07
-0.5560006071	-0.7990000639	0.08
-0.5560006071	-0.7990000639	0.09
-0.5560006071	-0.7990000639	0.1
-0.5560006071	-0.7573333972	0
-0.5560006071	-0.7573333972	0.01
-0.5560006071	-0.7573333972	0.02
-0.5560006071	-0.7573333972	0.03
-0.5560006071	-0.7573333972	0.04
-0.5560006071	-0.7573333972	0.05
-0.5560006071	-0.7573333972	0.06
-0.5560006071	-0.7573333972	0.07
-0.5560006071	-0.7573333972	0.08
-0.5560006071	-0.7573333972	0.09
-0.5560006071	-0.7573333972	0.1
-0.5560006071	-0.7156667306	0
-0.5560006071	-0.7156667306	0.01
-0.5560006071	-0.7156667306	0.02
-0.5560006071	-0.7156667306	0.03
-0.5560006071	-0.7156667306	0.04
-0.5560006071	-0.7156667306	0.05
-0.5560006071	-0.7156667306	0.06
-0.5560006071	-0.7156667306	0.07
-0.5560006071	-0.7156667306	0.08
-0.5560006071	-0.7156667306	0.09
-0.5560006071	-0.7156667306	0.1
-0.5560006071	-0.6740000639	0
-0.5560006071	-0.6740000639	0.01
-0.5560006071	-0.6740000639	0.02
-0.5560006071	-0.6740000639	0.03
-0.5560006071	-0.6740000639	0.04
-0.5560006071	-0.6740000639	0.05
-0.5560006071	-0.6740000639	0.06
-0.5560006071	-0.6740000639	0.07
-0.5560006071	-0.6740000639	0.08
-0.5560006071	-0.6740000639	0.09
-0.5560006071	-0.6740000639	0.1
-0.5560006071	-0.6323333972	0
-0.5560006071	-0.6323333972	0.01
-0.5560006071	-0.6323333972	0.02
-0.5560006071	-0.6323333972	0.03
-0.5560006071	-0.6323333972	0.04
-0.5560006071	-0.6323333972	0.05
-0.5560006071	-0.6323333972	0.06
-0.5560006071	-0.6323333972	0.07
-0.5560006071	-0.6323333972	0.08
-0.5560006071	-0.6323333972	0.09
-0.5560006071	-0.6323333972	0.1
-0.5560006071	-0.5906667306	0
-0.5560006071	-0.5906667306	0.01
-0.5560006071	-0.5906667306	0.02
-0.5560006071	-0.5906667306	0.03
-0.5560006071	-0.5906667306	0.04
-0.5560006071	-0.5906667306	0.05
-0.5560006071	-0.5906667306	0.06
-0.5560006071	-0.5906667306	0.07
-0.5560006071	-0.5906667306	0.08
-0.5560006071	-0.5906667306	0.09
-0.5560006071	-0.5906667306	0.1
-0.5560006071	-0.5490000639	0
-0.5560006071	-0.5490000639	0.01
-0.5560006071	-0.5490000639	0.02
-0.5560006071	-0.5490000639	0.03
-0.5560006071	-0.5490000639	0.04
-0.5560006071	-0.5490000639	0.05
-0.5560006071	-0.5490000639	0.06
-0.5560006071	-0.5490000639	0.07
-0.5560006071	-0.5490000639	0.08
-0.5560006071	-0.5490000639	0.09
-0.5560006071	-0.5490000639	0.1
-0.5560006071	-0.5073333972	0
-0.5560006071	-0.5073333972	0.01
-0.5560006071	-0.5073333972	0.02
-0.5560006071	-0.5073333972	0.03
-0.5560006071	-0.5073333972	0.04
-0.5560006071	-0.5073333972	0.05
-0.5560006071	-0.5073333972	0.06
-0.5560006071	-0.5073333972	0.07
-0.5560006071	-0.5073333972	0.08
-0.5560006071	-0.5073333972	0.09
-0.5560006071	-0.5073333972	0.1
-0.5560006071	-0.4656667306	0
-0.5560006071	-0.4656667306	0.01
-0.5560006071	-0.4656667306	0.02
-0.5560006071	-0.4656667306	0.03
-0.5560006071	-0.4656667306	0.04
-0.5560006071	-0.4656667306	0.05
-0.5560006071	-0.4656667306	0.06
-0.5560006071	-0.4656667306	0.07
-0.5560006071	-0.4656667306	0.08
-0.5560006071	-0.4656667306	0.09
-0.5560006071	-0.4656667306	0.1
-0.5560006071	-0.4240000639	0
-0.5560006071	-0.4240000639	0.01
-0.5560006071	-0.4240000639	0.02
-0.5560006071	-0.4240000639	0.03
-0.5560006071	-0.4240000639	0.04
-0.5560006071	-0.4240000639	0.05
-0.5560006071	-0.4240000639	0.06
-0.5560006071	-0.4240000639	0.07
-0.5560006071	-0.4240000639	0.08
-0.5560006071	-0.4240000639	0.09
-0.5560006071	-0.4240000639	0.1
-0.5560006071	-0.3823333972	0
-0.5560006071	-0.3823333972	0.01
-0.5560006071	-0.3823333972	0.02
-0.5560006071	-0.3823333972	0.03
-0.5560006071	-0.3823333972	0.04
-0.5560006071	-0.3823333972	0.05
-0.5560006071	-0.3823333972	0.06
-0.5560006071	-0.3823333972	0.07
-0.5560006071	-0.3823333972	0.08
-0.5560006071	-0.3823333972	0.09
-0.5560006071	-0.3823333972	0.1
-0.5560006071	-0.3406667306	0
-0.5560006071	-0.3406667306	0.01
-0.5560006071	-0.3406667306	0.02
-0.5560006071	-0.3406667306	0.03
-0.5560006071	-0.3406667306	0.04
-0.5560006071	-0.3406667306	0.05
-0.5560006071	-0.3406667306	0.06
-0.5560006071	-0.3406667306	0.07
-0.5560006071	-0.3406667306	0.08
-0.5560006071	-0.3406667306	0.09
-0.5560006071	-0.3406667306	0.1
-0.5560006071	-0.2990000639	0
-0.5560006071	-0.2990000639	0.01
-0.5560006071	-0.2990000639	0.02
-0.5560006071	-0.2990000639	0.03
-0.5560006071	-0.2990000639	0.04
-0.5560006071	-0.2990000639	0.05
-0.5560006071	-0.2990000639	0.06
-0.5560006071	-0.2990000639	0.07
-0.5560006071	-0.2990000639	0.08
-0.5560006071	-0.2990000639	0.09
-0.5560006071	-0.2990000639	0.1
-0.5560006071	-0.2573333972	0
-0.5560006071	-0.2573333972	0.01
-0.5560006071	-0.2573333972	0.02
-0.5560006071	-0.2573333972	0.03
-0.5560006071	-0.2573333972	0.04
-0.5560006071	-0.2573333972	0.05
-0.5560006071	-0.2573333972	0.06
-0.5560006071	-0.2573333972	0.07
-0.5560006071	-0.2573333972	0.08
-0.5560006071	-0.2573333972	0.09
-0.5560006071	-0.2573333972	0.1
-0.5560006071	-0.2156667306	0
-0.5560006071	-0.2156667306	0.01
-0.5560006071	-0.2156667306	0.02
-0.5560006071	-0.2156667306	0.03
-0.5560006071	-0.2156667306	0.04
-0.5560006071	-0.2156667306	0.05
-0.5560006071	-0.2156667306	0.06
-0.5560006071	-0.2156667306	0.07
-0.5560006071	-0.2156667306	0.08
-0.5560006071	-0.2156667306	0.09
-0.5560006071	-0.2156667306	0.1
-0.5560006071	-0.1740000639	0
-0.5560006071	-0.1740000639	0.01
-0.5560006071	-0.1740000639	0.02
-0.5560006071	-0.1740000639	0.03
-0.5560006071	-0.1740000639	0.04
-0.5560006071	-0.1740000639	0.05
-0.5560006071	-0.1740000639	0.06
-0.5560006071	-0.1740000639	0.07
-0.5560006071	-0.1740000639	0.08
-0.5560006071	-0.1740000639	0.09
-0.5560006071	-0.1740000639	0.1
-0.5560006071	-0.1323333972	0
-0.5560006071	-0.1323333972	0.01
-0.5560006071	-0.1323333972	0.02
-0.5560006071	-0.1323333972	0.03
-0.5560006071	-0.1323333972	0.04
-0.5560006071	-0.1323333972	0.05
-0.5560006071	-0.1323333972	0.06
-0.5560006071	-0.1323333972	0.07
-0.5560006071	-0.1323333972	0.08
-0.5560006071	-0.1323333972	0.09
-0.5560006071	-0.1323333972	0.1
-0.5560006071	-0.09066673058	0
-0.5560006071	-0.09066673058	0.01
-0.5560006071	-0.09066673058	0.02
-0.5560006071	-0.09066673058	0.03
-0.5560006071	-0.09066673058	0.04
-0.5560006071	-0.09066673058	0.05
-0.5560006071	-0.09066673058	0.06
-0.5560006071	-0.09066673058	0.07
-0.5560006071	-0.09066673058	0.08
-0.5560006071	-0.09066673058	0.09
-0.5560006071	-0.09066673058	0.1
-0.5560006071	-0.04900006391	0
-0.5560006071	-0.04900006391	0.01
-0.5560006071	-0.04900006391	0.02
-0.5560006071	-0.04900006391	0.03
-0.5560006071	-0.04900006391	0.04
-0.5560006071	-0.04900006391	0.05
-0.5560006071	-0.04900006391	0.06
-0.5560006071	-0.04900006391	0.07
-0.5560006071	-0.04900006391	0.08
-0.5560006071	-0.04900006391	0.09
-0.5560006071	-0.04900006391	0.1
-0.5560006071	-0.007333397247	0
-0.5560006071	-0.007333397247	0.01
-0.5560006071	-0.007333397247	0.02
-0.5560006071	-0.007333397247	0.03
-0.5560006071	-0.007333397247	0.04
-0.5560006071	-0.007333397247	0.05
-0.5560006071	-0.007333397247	0.06
-0.5560006071	-0.007333397247	0.07
-0.5560006071	-0.007333397247	0.08
-0.5560006071	-0.007333397247	0.09
-0.5560006071	-0.007333397247	0.1
-0.5560006071	0.03433326942	0
-0.5560006071	0.03433326942	0.01
-0.5560006071	0.03433326942	0.02
-0.5560006071	0.03433326942	0.03
-0.5560006071	0.03433326942	0.04
-0.5560006071	0.03433326942	0.05
-0.5560006071	0.03433326942	0.06
-0.5560006071	0.03433326942	0.07
-0.5560006071	0.03433326942	0.08
-0.5560006071	0.03433326942	0.09
-0.5560006071	0.03433326942	0.1
-0.5560006071	0.07599993609	0
-0.5560006071	0.07599993609	0.01
-0.5560006071	0.07599993609	0.02
-0.5560006071	0.07599993609	0.03
-0.5560006071	0.07599993609	0.04
-0.5560006071	0.07599993609	0.05
-0.5560006071	0.07599993609	0.06
-0.5560006071	0.07599993609	0.07
-0.5560006071	0.07599993609	0.08
-0.5560006071	0.07599993609	0.09
-0.5560006071	0.07599993609	0.1
-0.5560006071	0.1176666028	0
-0.5560006071	0.1176666028	0.01
-0.5560006071	0.1176666028	0.02
-0.5560006071	0.1176666028	0.03
-0.5560006071	0.1176666028	0.04
-0.5560006071	0.1176666028	0.05
-0.5560006071	0.1176666028	0.06
-0.5560006071	0.1176666028	0.07
-0.5560006071	0.1176666028	0.08
-0.5560006071	0.1176666028	0.09
-0.5560006071	0.1176666028	0.1
-0.5560006071	0.1593332694	0
-0.5560006071	0.1593332694	0.01
-0.5560006071	0.1593332694	0.02
-0.5560006071	0.1593332694	0.03
-0.5560006071	0.1593332694	0.04
-0.5560006071	0.1593332694	0.05
-0.5560006071	0.1593332694	0.06
-0.5560006071	0.1593332694	0.07
-0.5560006071	0.1593332694	0.08
-0.5560006071	0.1593332694	0.09
-0.5560006071	0.1593332694	0.1
-0.5560006071	0.2009999361	0
-0.5560006071	0.2009999361	0.01
-0.5560006071	0.2009999361	0.02
-0.5560006071	0.2009999361	0.03
-0.5560006071	0.2009999361	0.04
-0.5560006071	0.2009999361	0.05
-0.5560006071	0.2009999361	0.06
-0.5560006071	0.2009999361	0.07
-0.5560006071	0.2009999361	0.08
-0.5560006071	0.2009999361	0.09
-0.5560006071	0.2009999361	0.1
-0.5019481159	-0.7699322929	0
-0.5019481159	-0.7699322929	0.01
-0.5019481159	-0.7699322929	0.02
-0.5019481159	-0.7699322929	0.03
-0.5019481159	-0.7699322929	0.04
-0.5019481159	-0.7699322929	0.05
-0.5019481159	-0.7699322929	0.06
-0.5019481159	-0.7699322929	0.07
-0.5019481159	-0.7699322929	0.08
-0.5019481159	-0.7699322929	0.09
-0.5019481159	-0.7699322929	0.1
-0.5019481159	-0.7282656262	0
-0.5019481159	-0.7282656262	0.01
-0.5019481159	-0.7282656262	0.02
-0.5019481159	-0.7282656262	0.03
-0.5019481159	-0.7282656262	0.04
-0.5019481159	-0.7282656262	0.05
-0.5019481159	-0.7282656262	0.06
-0.5019481159	-0.7282656262	0.07
-0.5019481159	-0.7282656262	0.08
-0.5019481159	-0.7282656262	0.09
-0.5019481159	-0.7282656262	0.1
-0.5019481159	-0.6865989596	0
-0.5019481159	-0.6865989596	0.01
-0.5019481159	-0.6865989596	0.02
-0.5019481159	-0.6865989596	0.03
-0.5019481159	-0.6865989596	0.04
-0.5019481159	-0.6865989596	0.05
-0.5019481159	-0.6865989596	0.06
-0.5019481159	-0.6865989596	0.07
-0.5019481159	-0.6865989596	0.08
-0.5019481159	-0.6865989596	0.09
-0.5019481159	-0.6865989596	0.1
-0.5019481159	-0.6449322929	0
-0.5019481159	-0.6449322929	0.01
-0.5019481159	-0.6449322929	0.02
-0.5019481159	-0.6449322929	0.03
-0.5019481159	-0.6449322929	0.04
-0.5019481159	-0.6449322929	0.05
-0.5019481159	-0.6449322929	0.06
-0.5019481159	-0.6449322929	0.07
-0.5019481159	-0.6449322929	0.08
-0.5019481159	-0.6449322929	0.09
-0.5019481159	-0.6449322929	0.1
-0.5019481159	-0.6032656262	0
-0.5019481159	-0.6032656262	0.01
-0.5019481159	-0.6032656262	0.02
-0.5019481159	-0.6032656262	0.03
-0.5019481159	-0.6032656262	0.04
-0.5019481159	-0.6032656262	0.05
-0.5019481159	-0.6032656262	0.06
-0.5019481159	-0.6032656262	0.07
-0.5019481159	-0.6032656262	0.08
-0.5019481159	-0.6032656262	0.09
-0.5019481159	-0.6032656262	0.1
-0.5019481159	-0.5615989596	0
-0.5019481159	-0.5615989596	0.01
-0.5019481159	-0.5615989596	0.02
-0.5019481159	-0.5615989596	0.03
-0.5019481159	-0.5615989596	0.04
-0.5019481159	-0.5615989596	0.05
-0.5019481159	-0.5615989596	0.06
-0.5019481159	-0.5615989596	0.07
-0.5019481159	-0.5615989596	0.08
-0.5019481159	-0.5615989596	0.09
-0.5019481159	-0.5615989596	0.1
-0.5019481159	-0.5199322929	0
-0.5019481159	-0.5199322929	0.01
-0.5019481159	-0.5199322929	0.02
-0.5019481159	-0.5199322929	0.03
-0.5019481159	-0.5199322929	0.04
-0.5019481159	-0.5199322929	0.05
-0.5019481159	-0.5199322929	0.06
-0.5019481159	-0.5199322929	0.07
-0.5019481159	-0.5199322929	0.08
-0.5019481159	-0.5199322929	0.09
-0.5019481159	-0.5199322929	0.1
-0.5019481159	-0.4782656262	0
-0.5019481159	-0.4782656262	0.01
-0.5019481159	-0.4782656262	0.02
-0.5019481159	-0.4782656262	0.03
-0.5019481159	-0.4782656262	0.04
-0.5019481159	-0.4782656262	0.05
-0.5019481159	-0.4782656262	0.06
-0.5019481159	-0.4782656262	0.07
-0.5019481159	-0.4782656262	0.08
-0.5019481159	-0.4782656262	0.09
-0.5019481159	-0.4782656262	0.1
-0.5019481159	-0.4365989596	0
-0.5019481159	-0.4365989596	0.01
-0.5019481159	-0.4365989596	0.02
-0.5019481159	-0.4365989596	0.03
-0.5019481159	-0.4365989596	0.04
-0.5019481159	-0.4365989596	0.05
-0.5019481159	-0.4365989596	0.06
-0.5019481159	-0.4365989596	0.07
-0.5019481159	-0.4365989596	0.08
-0.5019481159	-0.4365989596	0.09
-0.5019481159	-0.4365989596	0.1
-0.5019481159	-0.3949322929	0
-0.5019481159	-0.3949322929	0.01
-0.5019481159	-0.3949322929	0.02
-0.5019481159	-0.3949322929	0.03
-0.5019481159	-0.3949322929	0.04
-0.5019481159	-0.3949322929	0.05
-0.5019481159	-0.3949322929	0.06
-0.5019481159	-0.3949322929	0.07
-0.5019481159	-0.3949322929	0.08
-0.5019481159	-0.3949322929	0.09
-0.5019481159	-0.3949322929	0.1
-0.5019481159	-0.3532656262	0
-0.5019481159	-0.3532656262	0.01
-0.5019481159	-0.3532656262	0.02
-0.5019481159	-0.3532656262	0.03
-0.5019481159	-0.3532656262	0.04
-0.5019481159	-0.3532656262	0.05
-0.5019481159	-0.3532656262	0.06
-0.5019481159	-0.3532656262	0.07
-0.5019481159	-0.3532656262	0.08
-0.5019481159	-0.3532656262	0.09
-0.5019481159	-0.3532656262	0.1
-0.5019481159	-0.3115989596	0
-0.5019481159	-0.3115989596	0.01
-0.5019481159	-0.3115989596	0.02
-0.5019481159	-0.3115989596	0.03
-0.5019481159	-0.3115989596	0.04
-0.5019481159	-0.3115989596	0.05
-0.5019481159	-0.3115989596	0.06
-0.5019481159	-0.3115989596	0.07
-0.5019481159	-0.3115989596	0.08
-0.5019481159	-0.3115989596	0.09
-0.5019481159	-0.3115989596	0.1
-0.5019481159	-0.2699322929	0
-0.5019481159	-0.2699322929	0.01
-0.5019481159	-0.2699322929	0.02
-0.5019481159	-0.2699322929	0.03
-0.5019481159	-0.2699322929	0.04
-0.5019481159	-0.2699322929	0.05
-0.5019481159	-0.2699322929	0.06
-0.5019481159	-0.2699322929	0.07
-0.5019481159	-0.2699322929	0.08
-0.5019481159	-0.2699322929	0.09
-0.5019481159	-0.2699322929	0.1
-0.5019481159	-0.2282656262	0
-0.5019481159	-0.2282656262	0.01
-0.5019481159	-0.2282656262	0.02
-0.5019481159	-0.2282656262	0.03
-0.5019481159	-0.2282656262	0.04
-0.5019481159	-0.2282656262	0.05
-0.5019481159	-0.2282656262	0.06
-0.5019481159	-0.2282656262	0.07
-0.5019481159	-0.2282656262	0.08
-0.5019481159	-0.2282656262	0.09
-0.5019481159	-0.2282656262	0.1
-0.5019481159	-0.1865989596	0
-0.5019481159	-0.1865989596	0.01
-0.5019481159	-0.1865989596	0.02
-0.5019481159	-0.1865989596	0.03
-0.5019481159	-0.1865989596	0.04
-0.5019481159	-0.1865989596	0.05
-0.5019481159	-0.1865989596	0.06
-0.5019481159	-0.1865989596	0.07
-0.5019481159	-0.1865989596	0.08
-0.5019481159	-0.1865989596	0.09
-0.5019481159	-0.1865989596	0.1
-0.5019481159	-0.1449322929	0
-0.5019481159	-0.1449322929	0.01
-0.5019481159	-0.1449322929	0.02
-0.5019481159	-0.1449322929	0.03
-0.5019481159	-0.1449322929	0.04
-0.5019481159	-0.1449322929	0.05
-0.5019481159	-0.1449322929	0.06
-0.5019481159	-0.1449322929	0.07
-0.5019481159	-0.1449322929	0.08
-0.5019481159	-0.1449322929	0.09
-0.5019481159	-0.1449322929	0.1
-0.5019481159	-0.1032656262	0
-0.5019481159	-0.1032656262	0.01
-0.5019481159	-0.1032656262	0.02
-0.5019481159	-0.1032656262	0.03
-0.5019481159	-0.1032656262	0.04
-0.5019481159	-0.1032656262	0.05
-0.5019481159	-0.1032656262	0.06
-0.5019481159	-0.1032656262	0.07
-0.5019481159	-0.1032656262	0.08
-0.5019481159	-0.1032656262	0.09
-0.5019481159	-0.1032656262	0.1
-0.5019481159	-0.06159895956	0
-0.5019481159	-0.06159895956	0.01
-0.5019481159	-0.06159895956	0.02
-0.5019481159	-0.06159895956	0.03
-0.5019481159	-0.06159895956	0.04
-0.5019481159	-0.06159895956	0.05
-0.5019481159	-0.06159895956	0.06
-0.5019481159	-0.06159895956	0.07
-0.5019481159	-0.06159895956	0.08
-0.5019481159	-0.06159895956	0.09
-0.5019481159	-0.06159895956	0.1
-0.5019481159	-0.01993229289	0
-0.5019481159	-0.01993229289	0.01
-0.5019481159	-0.01993229289	0.02
-0.5019481159	-0.01993229289	0.03
-0.5019481159	-0.01993229289	0.04
-0.5019481159	-0.01993229289	0.05
-0.5019481159	-0.01993229289	0.06
-0.5019481159	-0.01993229289	0.07
-0.5019481159	-0.01993229289	0.08
-0.5019481159	-0.01993229289	0.09
-0.5019481159	-0.01993229289	0.1
-0.5019481159	0.02173437377	0
-0.5019481159	0.02173437377	0.01
-0.5019481159	0.02173437377	0.02
-0.5019481159	0.02173437377	0.03
-0.5019481159	0.02173437377	0.04
-0.5019481159	0.02173437377	0.05
-0.5019481159	0.02173437377	0.06
-0.5019481159	0.02173437377	0.07
-0.5019481159	0.02173437377	0.08
-0.5019481159	0.02173437377	0.09
-0.5019481159	0.02173437377	0.1
-0.5019481159	0.06340104044	0
-0.5019481159	0.06340104044	0.01
-0.5019481159	0.06340104044	0.02
-0.5019481159	0.06340104044	0.03
-0.5019481159	0.06340104044	0.04
-0.5019481159	0.06340104044	0.05
-0.5019481159	0.06340104044	0.06
-0.5019481159	0.06340104044	0.07
-0.5019481159	0.06340104044	0.08
-0.5019481159	0.06340104044	0.09
-0.5019481159	0.06340104044	0.1
-0.5019481159	0.1050677071	0
-0.5019481159	0.1050677071	0.01
-0.5019481159	0.1050677071	0.02
-0.5019481159	0.1050677071	0.03
-0.5019481159	0.1050677071	0.04
-0.5019481159	0.1050677071	0.05
-0.5019481159	0.1050677071	0.06
-0.5019481159	0.1050677071	0.07
-0.5019481159	0.1050677071	0.08
-0.5019481159	0.1050677071	0.09
-0.5019481159	0.1050677071	0.1
-0.5019481159	0.1467343738	0
-0.5019481159	0.1467343738	0.01
-0.5019481159	0.1467343738	0.02
-0.5019481159	0.1467343738	0.03
-0.5019481159	0.1467343738	0.04
-0.5019481159	0.1467343738	0.05
-0.5019481159	0.1467343738	0.06
-0.5019481159	0.1467343738	0.07
-0.5019481159	0.1467343738	0.08
-0.5019481159	0.1467343738	0.09
-0.5019481159	0.1467343738	0.1
-0.5019481159	0.1884010404	0
-0.5019481159	0.1884010404	0.01
-0.5019481159	0.1884010404	0.02
-0.5019481159	0.1884010404	0.03
-0.5019481159	0.1884010404	0.04
-0.5019481159	0.1884010404	0.05
-0.5019481159	0.1884010404	0.06
-0.5019481159	0.1884010404	0.07
-0.5019481159	0.1884010404	0.08
-0.5019481159	0.1884010404	0.09
-0.5019481159	0.1884010404	0.1
-0.5019481159	0.2300677071	0
-0.5019481159	0.2300677071	0.01
-0.5019481159	0.2300677071	0.02
-0.5019481159	0.2300677071	0.03
-0.5019481159	0.2300677071	0.04
-0.5019481159	0.2300677071	0.05
-0.5019481159	0.2300677071	0.06
-0.5019481159	0.2300677071	0.07
-0.5019481159	0.2300677071	0.08
-0.5019481159	0.2300677071	0.09
-0.5019481159	0.2300677071	0.1
-0.4499745666	-0.7419825131	0
-0.4499745666	-0.7419825131	0.01
-0.4499745666	-0.7419825131	0.02
-0.4499745666	-0.7419825131	0.03
-0.4499745666	-0.7419825131	0.04
-0.4499745666	-0.7419825131	0.05
-0.4499745666	-0.7419825131	0.06
-0.4499745666	-0.7419825131	0.07
-0.4499745666	-0.7419825131	0.08
-0.4499745666	-0.7419825131	0.09
-0.4499745666	-0.7419825131	0.1
-0.4499745666	-0.7003158464	0
-0.4499745666	-0.7003158464	0.01
-0.4499745666	-0.7003158464	0.02
-0.4499745666	-0.7003158464	0.03
-0.4499745666	-0.7003158464	0.04
-0.4499745666	-0.7003158464	0.05
-0.4499745666	-0.7003158464	0.06
-0.4499745666	-0.7003158464	0.07
-0.4499745666	-0.7003158464	0.08
-0.4499745666	-0.7003158464	0.09
-0.4499745666	-0.7003158464	0.1
-0.4499745666	-0.6586491797	0
-0.4499745666	-0.6586491797	0.01
-0.4499745666	-0.6586491797	0.02
-0.4499745666	-0.6586491797	0.03
-0.4499745666	-0.6586491797	0.04
-0.4499745666	-0.6586491797	0.05
-0.4499745666	-0.6586491797	0.06
-0.4499745666	-0.6586491797	0.07
-0.4499745666	-0.6586491797	0.08
-0.4499745666	-0.6586491797	0.09
-0.4499745666	-0.6586491797	0.1
-0.4499745666	-0.6169825131	0
-0.4499745666	-0.6169825131	0.01
-0.4499745666	-0.6169825131	0.02
-0.4499745666	-0.6169825131	0.03
-0.4499745666	-0.6169825131	0.04
-0.4499745666	-0.6169825131	0.05
-0.4499745666	-0.6169825131	0.06
-0.4499745666	-0.6169825131	0.07
-0.4499745666	-0.6169825131	0.08
-0.4499745666	-0.6169825131	0.09
-0.4499745666	-0.6169825131	0.1
-0.4499745666	-0.5753158464	0
-0.4499745666	-0.5753158464	0.01
-0.4499745666	-0.5753158464	0.02
-0.4499745666	-0.5753158464	0.03
-0.4499745666	-0.5753158464	0.04
-0.4499745666	-0.5753158464	0.05
-0.4499745666	-0.5753158464	0.06
-0.4499745666	-0.5753158464	0.07
-0.4499745666	-0.5753158464	0.08
-0.4499745666	-0.5753158464	0.09
-0.4499745666	-0.5753158464	0.1
-0.4499745666	-0.5336491797	0
-0.4499745666	-0.5336491797	0.01
-0.4499745666	-0.5336491797	0.02
-0.4499745666	-0.5336491797	0.03
-0.4499745666	-0.5336491797	0.04
-0.4499745666	-0.5336491797	0.05
-0.4499745666	-0.5336491797	0.06
-0.4499745666	-0.5336491797	0.07
-0.4499745666	-0.5336491797	0.08
-0.4499745666	-0.5336491797	0.09
-0.4499745666	-0.5336491797	0.1
-0.4499745666	-0.4919825131	0
-0.4499745666	-0.4919825131	0.01
-0.4499745666	-0.4919825131	0.02
-0.4499745666	-0.4919825131	0.03
-0.4499745666	-0.4919825131	0.04
-0.4499745666	-0.4919825131	0.05
-0.4499745666	-0.4919825131	0.06
-0.4499745666	-0.4919825131	0.07
-0.4499745666	-0.4919825131	0.08
-0.4499745666	-0.4919825131	0.09
-0.4499745666	-0.4919825131	0.1
-0.4499745666	-0.4503158464	0
-0.4499745666	-0.4503158464	0.01
-0.4499745666	-0.4503158464	0.02
-0.4499745666	-0.4503158464	0.03
-0.4499745666	-0.4503158464	0.04
-0.4499745666	-0.4503158464	0.05
-0.4499745666	-0.4503158464	0.06
-0.4499745666	-0.4503158464	0.07
-0.4499745666	-0.4503158464	0.08
-0.4499745666	-0.4503158464	0.09
-0.4499745666	-0.4503158464	0.1
-0.4499745666	-0.4086491797	0
-0.4499745666	-0.4086491797	0.01
-0.4499745666	-0.4086491797	0.02
-0.4499745666	-0.4086491797	0.03
-0.4499745666	-0.4086491797	0.04
-0.4499745666	-0.4086491797	0.05
-0.4499745666	-0.4086491797	0.06
-0.4499745666	-0.4086491797	0.07
-0.4499745666	-0.4086491797	0.08
-0.4499745666	-0.4086491797	0.09
-0.4499745666	-0.4086491797	0.1
-0.4499745666	-0.3669825131	0
-0.4499745666	-0.3669825131	0.01
-0.4499745666	-0.3669825131	0.02
-0.4499745666	-0.3669825131	0.03
-0.4499745666	-0.3669825131	0.04
-0.4499745666	-0.3669825131	0.05
-0.4499745666	-0.3669825131	0.06
-0.4499745666	-0.3669825131	0.07
-0.4499745666	-0.3669825131	0.08
-0.4499745666	-0.3669825131	0.09
-0.4499745666	-0.3669825131	0.1
-0.4499745666	-0.3253158464	0
-0.4499745666	-0.3253158464	0.01
-0.4499745666	-0.3253158464	0.02
-0.4499745666	-0.3253158464	0.03
-0.4499745666	-0.3253158464	0.04
-0.4499745666	-0.3253158464	0.05
-0.4499745666	-0.3253158464	0.06
-0.4499745666	-0.3253158464	0.07
-0.4499745666	-0.3253158464	0.08
-0.4499745666	-0.3253158464	0.09
-0.4499745666	-0.3253158464	0.1
-0.4499745666	-0.2836491797	0
-0.4499745666	-0.2836491797	0.01
-0.4499745666	-0.2836491797	0.02
-0.4499745666	-0.2836491797	0.03
-0.4499745666	-0.2836491797	0.04
-0.4499745666	-0.2836491797	0.05
-0.4499745666	-0.2836491797	0.06
-0.4499745666	-0.2836491797	0.07
-0.4499745666	-0.2836491797	0.08
-0.4499745666	-0.2836491797	0.09
-0.4499745666	-0.2836491797	0.1
-0.4499745666	-0.2419825131	0
-0.4499745666	-0.2419825131	0.01
-0.4499745666	-0.2419825131	0.02
-0.4499745666	-0.2419825131	0.03
-0.4499745666	-0.2419825131	0.04
-0.4499745666	-0.2419825131	0.05
-0.4499745666	-0.2419825131	0.06
-0.4499745666	-0.2419825131	0.07
-0.4499745666	-0.2419825131	0.08
-0.4499745666	-0.2419825131	0.09
-0.4499745666	-0.2419825131	0.1
-0.4499745666	-0.2003158464	0
-0.4499745666	-0.2003158464	0.01
-0.4499745666	-0.2003158464	0.02
-0.4499745666	-0.2003158464	0.03
-0.4499745666	-0.2003158464	0.04
-0.4499745666	-0.2003158464	0.05
-0.4499745666	-0.2003158464	0.06
-0.4499745666	-0.2003158464	0.07
-0.4499745666	-0.2003158464	0.08
-0.4499745666	-0.2003158464	0.09
-0.4499745666	-0.2003158464	0.1
-0.4499745666	-0.1586491797	0
-0.4499745666	-0.1586491797	0.01
-0.4499745666	-0.1586491797	0.02
-0.4499745666	-0.1586491797	0.03
-0.4499745666	-0.1586491797	0.04
-0.4499745666	-0.1586491797	0.05
-0.4499745666	-0.1586491797	0.06
-0.4499745666	-0.1586491797	0.07
-0.4499745666	-0.1586491797	0.08
-0.4499745666	-0.1586491797	0.09
-0.4499745666	-0.1586491797	0.1
-0.4499745666	-0.1169825131	0
-0.4499745666	-0.1169825131	0.01
-0.4499745666	-0.1169825131	0.02
-0.4499745666	-0.1169825131	0.03
-0.4499745666	-0.1169825131	0.04
-0.4499745666	-0.1169825131	0.05
-0.4499745666	-0.1169825131	0.06
-0.4499745666	-0.1169825131	0.07
-0.4499745666	-0.1169825131	0.08
-0.4499745666	-0.1169825131	0.09
-0.4499745666	-0.1169825131	0.1
-0.4499745666	-0.0753158464	0
-0.4499745666	-0.0753158464	0.01
-0.4499745666	-0.0753158464	0.02
-0.4499745666	-0.0753158464	0.03
-0.4499745666	-0.0753158464	0.04
-0.4499745666	-0.0753158464	0.05
-0.4499745666	-0.0753158464	0.06
-0.4499745666	-0.0753158464	0.07
-0.4499745666	-0.0753158464	0.08
-0.4499745666	-0.0753158464	0.09
-0.4499745666	-0.0753158464	0.1
-0.4499745666	-0.03364917974	0
-0.4499745666	-0.03364917974	0.01
-0.4499745666	-0.03364917974	0.02
-0.4499745666	-0.03364917974	0.03
-0.4499745666	-0.03364917974	0.04
-0.4499745666	-0.03364917974	0.05
-0.4499745666	-0.03364917974	0.06
-0.4499745666	-0.03364917974	0.07
-0.4499745666	-0.03364917974	0.08
-0.4499745666	-0.03364917974	0.09
-0.4499745666	-0.03364917974	0.1
-0.4499745666	0.008017486931	0
-0.4499745666	0.008017486931	0.01
-0.4499745666	0.008017486931	0.02
-0.4499745666	0.008017486931	0.03
-0.4499745666	0.008017486931	0.04
-0.4499745666	0.008017486931	0.05
-0.4499745666	0.008017486931	0.06
-0.4499745666	0.008017486931	0.07
-0.4499745666	0.008017486931	0.08
-0.4499745666	0.008017486931	0.09
-0.4499745666	0.008017486931	0.1
-0.4499745666	0.0496841536	0
-0.4499745666	0.0496841536	0.01
-0.4499745666	0.0496841536	0.02
-0.4499745666	0.0496841536	0.03
-0.4499745666	0.0496841536	0.04
-0.4499745666	0.0496841536	0.05
-0.4499745666	0.0496841536	0.06
-0.4499745666	0.0496841536	0.07
-0.4499745666	0.0496841536	0.08
-0.4499745666	0.0496841536	0.09
-0.4499745666	0.0496841536	0.1
-0.4499745666	0.09135082026	0
-0.4499745666	0.09135082026	0.01
-0.4499745666	0.09135082026	0.02
-0.4499745666	0.09135082026	0.03
-0.4499745666	0.09135082026	0.04
-0.4499745666	0.09135082026	0.05
-0.4499745666	0.09135082026	0.06
-0.4499745666	0.09135082026	0.07
-0.4499745666	0.09135082026	0.08
-0.4499745666	0.09135082026	0.09
-0.4499745666	0.09135082026	0.1
-0.4499745666	0.1330174869	0
-0.4499745666	0.1330174869	0.01
-0.4499745666	0.1330174869	0.02
-0.4499745666	0.1330174869	0.03
-0.4499745666	0.1330174869	0.04
-0.4499745666	0.1330174869	0.05
-0.4499745666	0.1330174869	0.06
-0.4499745666	0.1330174869	0.07
-0.4499745666	0.1330174869	0.08
-0.4499745666	0.1330174869	0.09
-0.4499745666	0.1330174869	0.1
-0.4499745666	0.1746841536	0
-0.4499745666	0.1746841536	0.01
-0.4499745666	0.1746841536	0.02
-0.4499745666	0.1746841536	0.03
-0.4499745666	0.1746841536	0.04
-0.4499745666	0.1746841536	0.05
-0.4499745666	0.1746841536	0.06
-0.4499745666	0.1746841536	0.07
-0.4499745666	0.1746841536	0.08
-0.4499745666	0.1746841536	0.09
-0.4499745666	0.1746841536	0.1
-0.4499745666	0.2163508203	0
-0.4499745666	0.2163508203	0.01
-0.4499745666	0.2163508203	0.02
-0.4499745666	0.2163508203	0.03
-0.4499745666	0.2163508203	0.04
-0.4499745666	0.2163508203	0.05
-0.4499745666	0.2163508203	0.06
-0.4499745666	0.2163508203	0.07
-0.4499745666	0.2163508203	0.08
-0.4499745666	0.2163508203	0.09
-0.4499745666	0.2163508203	0.1
-0.4499745666	0.2580174869	0
-0.4499745666	0.2580174869	0.01
-0.4499745666	0.2580174869	0.02
-0.4499745666	0.2580174869	0.03
-0.4499745666	0.2580174869	0.04
-0.4499745666	0.2580174869	0.05
-0.4499745666	0.2580174869	0.06
-0.4499745666	0.2580174869	0.07
-0.4499745666	0.2580174869	0.08
-0.4499745666	0.2580174869	0.09
-0.4499745666	0.2580174869	0.1
-0.4	-0.7151077248	0
-0.4	-0.7151077248	0.01
-0.4	-0.7151077248	0.02
-0.4	-0.7151077248	0.03
-0.4	-0.7151077248	0.04
-0.4	-0.7151077248	0.05
-0.4	-0.7151077248	0.06
-0.4	-0.7151077248	0.07
-0.4	-0.7151077248	0.08
-0.4	-0.7151077248	0.09
-0.4	-0.7151077248	0.1
-0.4	-0.6734410581	0
-0.4	-0.6734410581	0.01
-0.4	-0.6734410581	0.02
-0.4	-0.6734410581	0.03
-0.4	-0.6734410581	0.04
-0.4	-0.6734410581	0.05
-0.4	-0.6734410581	0.06
-0.4	-0.6734410581	0.07
-0.4	-0.6734410581	0.08
-0.4	-0.6734410581	0.09
-0.4	-0.6734410581	0.1
-0.4	-0.6317743914	0
-0.4	-0.6317743914	0.01
-0.4	-0.6317743914	0.02
-0.4	-0.6317743914	0.03
-0.4	-0.6317743914	0.04
-0.4	-0.6317743914	0.05
-0.4	-0.6317743914	0.06
-0.4	-0.6317743914	0.07
-0.4	-0.6317743914	0.08
-0.4	-0.6317743914	0.09
-0.4	-0.6317743914	0.1
-0.4	-0.5901077248	0
-0.4	-0.5901077248	0.01
-0.4	-0.5901077248	0.02
-0.4	-0.5901077248	0.03
-0.4	-0.5901077248	0.04
-0.4	-0.5901077248	0.05
-0.4	-0.5901077248	0.06
-0.4	-0.5901077248	0.07
-0.4	-0.5901077248	0.08
-0.4	-0.5901077248	0.09
-0.4	-0.5901077248	0.1
-0.4	-0.5484410581	0
-0.4	-0.5484410581	0.01
-0.4	-0.5484410581	0.02
-0.4	-0.5484410581	0.03
-0.4	-0.5484410581	0.04
-0.4	-0.5484410581	0.05
-0.4	-0.5484410581	0.06
-0.4	-0.5484410581	0.07
-0.4	-0.5484410581	0.08
-0.4	-0.5484410581	0.09
-0.4	-0.5484410581	0.1
-0.4	-0.5067743914	0
-0.4	-0.5067743914	0.01
-0.4	-0.5067743914	0.02
-0.4	-0.5067743914	0.03
-0.4	-0.5067743914	0.04
-0.4	-0.5067743914	0.05
-0.4	-0.5067743914	0.06
-0.4	-0.5067743914	0.07
-0.4	-0.5067743914	0.08
-0.4	-0.5067743914	0.09
-0.4	-0.5067743914	0.1
-0.4	-0.4651077248	0
-0.4	-0.4651077248	0.01
-0.4	-0.4651077248	0.02
-0.4	-0.4651077248	0.03
-0.4	-0.4651077248	0.04
-0.4	-0.4651077248	0.05
-0.4	-0.4651077248	0.06
-0.4	-0.4651077248	0.07
-0.4	-0.4651077248	0.08
-0.4	-0.4651077248	0.09
-0.4	-0.4651077248	0.1
-0.4	-0.4234410581	0
-0.4	-0.4234410581	0.01
-0.4	-0.4234410581	0.02
-0.4	-0.4234410581	0.03
-0.4	-0.4234410581	0.04
-0.4	-0.4234410581	0.05
-0.4	-0.4234410581	0.06
-0.4	-0.4234410581	0.07
-0.4	-0.4234410581	0.08
-0.4	-0.4234410581	0.09
-0.4	-0.4234410581	0.1
-0.4	-0.3817743914	0
-0.4	-0.3817743914	0.01
-0.4	-0.3817743914	0.02
-0.4	-0.3817743914	0.03
-0.4	-0.3817743914	0.04
-0.4	-0.3817743914	0.05
-0.4	-0.3817743914	0.06
-0.4	-0.3817743914	0.07
-0.4	-0.3817743914	0.08
-0.4	-0.3817743914	0.09
-0.4	-0.3817743914	0.1
-0.4	-0.3401077248	0
-0.4	-0.3401077248	0.01
-0.4	-0.3401077248	0.02
-0.4	-0.3401077248	0.03
-0.4	-0.3401077248	0.04
-0.4	-0.3401077248	0.05
-0.4	-0.3401077248	0.06
-0.4	-0.3401077248	0.07
-0.4	-0.3401077248	0.08
-0.4	-0.3401077248	0.09
-0.4	-0.3401077248	0.1
-0.4	-0.2984410581	0
-0.4	-0.2984410581	0.01
-0.4	-0.2984410581	0.02
-0.4	-0.2984410581	0.03
-0.4	-0.2984410581	0.04
-0.4	-0.2984410581	0.05
-0.4	-0.2984410581	0.06
-0.4	-0.2984410581	0.07
-0.4	-0.2984410581	0.08
-0.4	-0.2984410581	0.09
-0.4	-0.2984410581	0.1
-0.4	-0.2567743914	0
-0.4	-0.2567743914	0.01
-0.4	-0.2567743914	0.02
-0.4	-0.2567743914	0.03
-0.4	-0.2567743914	0.04
-0.4	-0.2567743914	0.05
-0.4	-0.2567743914	0.06
-0.4	-0.2567743914	0.07
-0.4	-0.2567743914	0.08
-0.4	-0.2567743914	0.09
-0.4	-0.2567743914	0.1
-0.4	-0.2151077248	0
-0.4	-0.2151077248	0.01
-0.4	-0.2151077248	0.02
-0.4	-0.2151077248	0.03
-0.4	-0.2151077248	0.04
-0.4	-0.2151077248	0.05
-0.4	-0.2151077248	0.06
-0.4	-0.2151077248	0.07
-0.4	-0.2151077248	0.08
-0.4	-0.2151077248	0.09
-0.4	-0.2151077248	0.1
-0.4	-0.1734410581	0
-0.4	-0.1734410581	0.01
-0.4	-0.1734410581	0.02
-0.4	-0.1734410581	0.03
-0.4	-0.1734410581	0.04
-0.4	-0.1734410581	0.05
-0.4	-0.1734410581	0.06
-0.4	-0.1734410581	0.07
-0.4	-0.1734410581	0.08
-0.4	-0.1734410581	0.09
-0.4	-0.1734410581	0.1
-0.4	-0.1317743914	0
-0.4	-0.1317743914	0.01
-0.4	-0.1317743914	0.02
-0.4	-0.1317743914	0.03
-0.4	-0.1317743914	0.04
-0.4	-0.1317743914	0.05
-0.4	-0.1317743914	0.06
-0.4	-0.1317743914	0.07
-0.4	-0.1317743914	0.08
-0.4	-0.1317743914	0.09
-0.4	-0.1317743914	0.1
-0.4	-0.09010772478	0
-0.4	-0.09010772478	0.01
-0.4	-0.09010772478	0.02
-0.4	-0.09010772478	0.03
-0.4	-0.09010772478	0.04
-0.4	-0.09010772478	0.05
-0.4	-0.09010772478	0.06
-0.4	-0.09010772478	0.07
-0.4	-0.09010772478	0.08
-0.4	-0.09010772478	0.09
-0.4	-0.09010772478	0.1
-0.4	-0.04844105811	0
-0.4	-0.04844105811	0.01
-0.4	-0.04844105811	0.02
-0.4	-0.04844105811	0.03
-0.4	-0.04844105811	0.04
-0.4	-0.04844105811	0.05
-0.4	-0.04844105811	0.06
-0.4	-0.04844105811	0.07
-0.4	-0.04844105811	0.08
-0.4	-0.04844105811	0.09
-0.4	-0.04844105811	0.1
-0.4	-0.006774391442	0
-0.4	-0.006774391442	0.01
-0.4	-0.006774391442	0.02
-0.4	-0.006774391442	0.03
-0.4	-0.006774391442	0.04
-0.4	-0.006774391442	0.05
-0.4	-0.006774391442	0.06
-0.4	-0.006774391442	0.07
-0.4	-0.006774391442	0.08
-0.4	-0.006774391442	0.09
-0.4	-0.006774391442	0.1
-0.4	0.03489227522	0
-0.4	0.03489227522	0.01
-0.4	0.03489227522	0.02
-0.4	0.03489227522	0.03
-0.4	0.03489227522	0.04
-0.4	0.03489227522	0.05
-0.4	0.03489227522	0.06
-0.4	0.03489227522	0.07
-0.4	0.03489227522	0.08
-0.4	0.03489227522	0.09
-0.4	0.03489227522	0.1
-0.4	0.07655894189	0
-0.4	0.07655894189	0.01
-0.4	0.07655894189	0.02
-0.4	0.07655894189	0.03
-0.4	0.07655894189	0.04
-0.4	0.07655894189	0.05
-0.4	0.07655894189	0.06
-0.4	0.07655894189	0.07
-0.4	0.07655894189	0.08
-0.4	0.07655894189	0.09
-0.4	0.07655894189	0.1
-0.4	0.1182256086	0
-0.4	0.1182256086	0.01
-0.4	0.1182256086	0.02
-0.4	0.1182256086	0.03
-0.4	0.1182256086	0.04
-0.4	0.1182256086	0.05
-0.4	0.1182256086	0.06
-0.4	0.1182256086	0.07
-0.4	0.1182256086	0.08
-0.4	0.1182256086	0.09
-0.4	0.1182256086	0.1
-0.4	0.1598922752	0
-0.4	0.1598922752	0.01
-0.4	0.1598922752	0.02
-0.4	0.1598922752	0.03
-0.4	0.1598922752	0.04
-0.4	0.1598922752	0.05
-0.4	0.1598922752	0.06
-0.4	0.1598922752	0.07
-0.4	0.1598922752	0.08
-0.4	0.1598922752	0.09
-0.4	0.1598922752	0.1
-0.4	0.2015589419	0
-0.4	0.2015589419	0.01
-0.4	0.2015589419	0.02
-0.4	0.2015589419	0.03
-0.4	0.2015589419	0.04
-0.4	0.2015589419	0.05
-0.4	0.2015589419	0.06
-0.4	0.2015589419	0.07
-0.4	0.2015589419	0.08
-0.4	0.2015589419	0.09
-0.4	0.2015589419	0.1
-0.4	0.2432256086	0
-0.4	0.2432256086	0.01
-0.4	0.2432256086	0.02
-0.4	0.2432256086	0.03
-0.4	0.2432256086	0.04
-0.4	0.2432256086	0.05
-0.4	0.2432256086	0.06
-0.4	0.2432256086	0.07
-0.4	0.2432256086	0.08
-0.4	0.2432256086	0.09
-0.4	0.2432256086	0.1
-0.4	0.2848922752	0
-0.4	0.2848922752	0.01
-0.4	0.2848922752	0.02
-0.4	0.2848922752	0.03
-0.4	0.2848922752	0.04
-0.4	0.2848922752	0.05
-0.4	0.2848922752	0.06
-0.4	0.2848922752	0.07
-0.4	0.2848922752	0.08
-0.4	0.2848922752	0.09
-0.4	0.2848922752	0.1
